Filename	Node count	Edge count	Smallest edge overlap (bp)	Largest edge overlap (bp)	Total length (bp)	Total length no overlaps (bp)	Dead ends	Percentage dead ends	Connected components	Largest component (bp)	Total length orphaned nodes (bp)	N50 (bp)	Shortest node (bp)	Lower quartile node (bp)	Median node (bp)	Upper quartile node (bp)	Longest node (bp)	Median depth	Estimated sequence length (bp)
hybrid_HQ_combined.15x_20x_UL	4	0	0	0	61775360	61775360	8	100%	4	61476016	61775360	61476016	81638	93817	108853	15458876	61476016	1	61775360
hybrid_HQ_combined.15x_20x_UL.50x	3	0	0	0	61548951	61548951	6	100%	3	61392996	61548951	61392996	37516	77978	118439	30755718	61392996	1	61548951
hybrid_HQ_combined.15x_20x_UL.70x	2	0	0	0	61492283	61492283	4	100%	2	61393165	61492283	61393165	99118	15422630	30746142	46069653	61393165	1	61492283
hybrid_HQ_combined.15x_20x_UL.90x	4	0	0	0	61721649	61721649	8	100%	4	61433535	61721649	61433535	54281	87909	116917	15459420	61433535	1	61721649
hybrid_HQ_duplex.15x_UL	2	0	0	0	61511514	61511514	4	100%	2	61385979	61511514	61385979	125535	15440646	30755757	46070868	61385979	1	61511514
hybrid_HQ_duplex.15x_UL.50x	2	0	0	0	61594565	61594565	4	100%	2	61228253	61594565	61228253	366312	15581797	30797283	46012768	61228253	1	61594565
hybrid_HQ_duplex.15x_UL.70x	1	0	0	0	61384912	61384912	2	100%	1	61384912	61384912	61384912	61384912	61384912	61384912	61384912	61384912	1	61384912
hybrid_HQ_duplex.15x_UL.90x	1	0	0	0	61149863	61149863	2	100%	1	61149863	61149863	61149863	61149863	61149863	61149863	61149863	61149863	1	61149863
hybrid_HQ_duplex.20x_UL	1	0	0	0	61507373	61507373	2	100%	1	61507373	61507373	61507373	61507373	61507373	61507373	61507373	61507373	1	61507373
hybrid_HQ_duplex.20x_UL.50x	2	0	0	0	61586308	61586308	4	100%	2	61463318	61586308	61463318	122990	15458072	30793154	46128236	61463318	1	61586308
hybrid_HQ_duplex.20x_UL.70x	1	0	0	0	61434567	61434567	2	100%	1	61434567	61434567	61434567	61434567	61434567	61434567	61434567	61434567	1	61434567
hybrid_HQ_duplex.20x_UL.90x	1	0	0	0	61434554	61434554	2	100%	1	61434554	61434554	61434554	61434554	61434554	61434554	61434554	61434554	1	61434554
hybrid_HQ_duplex.25x_UL	1	0	0	0	61406013	61406013	2	100%	1	61406013	61406013	61406013	61406013	61406013	61406013	61406013	61406013	1	61406013
hybrid_HQ_duplex.25x_UL.50x	3	0	0	0	61435967	61435967	6	100%	3	61263114	61435967	61263114	57128	86427	115725	30689420	61263114	1	61435967
hybrid_HQ_duplex.25x_UL.70x	1	0	0	0	61169360	61169360	2	100%	1	61169360	61169360	61169360	61169360	61169360	61169360	61169360	61169360	1	61169360
hybrid_HQ_duplex.25x_UL.90x	3	0	0	0	61469591	61469591	6	100%	3	61296738	61469591	61296738	57128	86427	115725	30706232	61296738	1	61469591
hybrid_HQ_herro.35x_UL.50x	4	0	0	0	61550663	61550663	8	100%	4	33658672	61550663	33658672	35903	70983	13928044	29244727	33658672	1	61550663
hybrid_HQ_herro.35x_UL.70x	6	0	0	0	65574955	65574955	12	100%	6	61344298	65574955	61344298	65254	100593	143970	2879490	61344298	1	65574955
hybrid_HQ_herro.35x_UL.90x	4	0	0	0	61994053	61994053	8	100%	4	61129625	61994053	61129625	97520	149518	383454	15732450	61129625	1	61994053
hybrid_HQ_herro.60x_UL	15	0	0	0	62865438	62865438	30	100%	15	50464176	62865438	50464176	44525	62492	90174	116372	50464176	1	62865438
hybrid_HQ_herro.60x_UL.50x	10	0	0	0	62058478	62058478	20	100%	10	61290209	62058478	61290209	44525	64339	88292	97188	61290209	1	62058478
hybrid_HQ_herro.60x_UL.70x	17	2	26957	27272	62479911	62398410	31	91.1765%	15	61351023	1128888	61231442	38401	60906	70971	95041	61231442	1	62398410
hybrid_HQ_herro.60x_UL.90x	14	0	0	0	62170775	62170775	28	100%	14	61171258	62170775	61171258	44525	63179	76624	91453	61171258	1	62170775
hybrid_HQ_herro_UL.50x	31	0	0	0	73751558	73751558	62	100%	31	52603124	73751558	52603124	80063	121909	145537	245663	52603124	1	73751558
hybrid_HQ_herro_UL.70x	40	1	5699	5699	71617762	71612063	78	97.5%	40	61445260	71528183	61445260	63101	124288	155598	211424	61445260	1	71612063
hybrid_HQ_herro_UL.90x	41	1	5699	5699	73782236	73776537	80	97.561%	41	60250307	73692657	60250307	43396	98673	142346	246319	60250307	1	73776537
