sample	contig	chromosome	contig_length	gap_length	ref_length	motif_length	n_gaps	total_gap_length_bed	mean_gap_size	max_gap_size	min_gap_size	gap_density	classification
T2T00	haplotype1-0000001	chr1	245398328	115000	248387328	245398328	3	115000	38333.3	100000	7500	0.01	scaffold
T2T00	haplotype2-0000045	chr1	245133717	22500	248387328	245133717	3	22500	7500.0	7500	7500	0.01	scaffold
T2T00	haplotype1-0000004	chr10	136566791	35859	134758134	136566791	1	35859	35859.0	35859	35859	0.01	scaffold
T2T00	haplotype2-0000048	chr10	136628182	15000	134758134	136628182	2	15000	7500.0	7500	7500	0.01	scaffold
T2T00	haplotype1-0000019	chr11	137904311	0	135127769	137904311	0	0	0.0	0	0	0.0	contig
T2T00	haplotype2-0000066	chr11	136649847	15000	135127769	136649847	2	15000	7500.0	7500	7500	0.01	scaffold
T2T00	haplotype1-0000020	chr12	134052960	22500	133324548	134052960	3	22500	7500.0	7500	7500	0.02	scaffold
T2T00	haplotype2-0000067	chr12	133650667	0	133324548	133650667	0	0	0.0	0	0	0.0	contig
T2T00	haplotype1-0000018	chr14	102016679	100000	101161492	102016679	1	100000	100000.0	100000	100000	0.01	scaffold
T2T00	haplotype1-0000010	chr15	99386947	107500	99753195	99386947	2	107500	53750.0	100000	7500	0.02	scaffold
T2T00	haplotype1-0000023	chr16	92123731	0	96330374	92123731	0	0	0.0	0	0	0.0	contig
T2T00	haplotype2-0000069	chr16	92814533	0	96330374	92814533	0	0	0.0	0	0	0.0	contig
T2T00	haplotype1-0000006	chr17	83836360	7500	84276897	83836360	1	7500	7500.0	7500	7500	0.01	scaffold
T2T00	haplotype2-0000050	chr17	83961448	115000	84276897	83961448	3	115000	38333.3	100000	7500	0.04	scaffold
T2T00	haplotype1-0000002	chr18	78991454	0	80542538	78991454	0	0	0.0	0	0	0.0	contig
T2T00	haplotype2-0000047	chr18	79952054	0	80542538	79952054	0	0	0.0	0	0	0.0	contig
T2T00	haplotype1-0000014	chr19	61709164	0	61707364	61709164	0	0	0.0	0	0	0.0	contig
T2T00	haplotype2-0000061	chr19	62408664	39000	61707364	62408664	6	39000	6500.0	7500	1500	0.1	scaffold
T2T00	haplotype1-0000007	chr2	242664474	7500	242696752	242664474	1	7500	7500.0	7500	7500	0.0	scaffold
T2T00	haplotype2-0000051	chr2	242536137	0	242696752	242536137	0	0	0.0	0	0	0.0	contig
T2T00	haplotype1-0000016	chr20	65611324	0	66210255	65611324	0	0	0.0	0	0	0.0	contig
T2T00	haplotype2-0000057	chr20	64201663	17712	66210255	64201663	2	17712	8856.0	10212	7500	0.03	scaffold
T2T00	haplotype2-0000070	chr21	43812684	174124	45090682	43812684	3	174124	58041.3	100000	1500	0.07	scaffold
T2T00	haplotype2-0000059	chr22	50008979	10500	51324926	50008979	3	10500	3500.0	7500	1500	0.06	scaffold
T2T00	haplotype1-0000005	chr3	200680242	100000	201105948	200680242	1	100000	100000.0	100000	100000	0.0	scaffold
T2T00	haplotype2-0000049	chr3	200623752	0	201105948	200623752	0	0	0.0	0	0	0.0	contig
T2T00	haplotype1-0000022	chr4	191927918	0	193574945	191927918	0	0	0.0	0	0	0.0	contig
T2T00	haplotype2-0000068	chr4	191590024	24000	193574945	191590024	4	24000	6000.0	7500	1500	0.02	scaffold
T2T00	haplotype1-0000021	chr5	182099431	7500	182045439	182099431	1	7500	7500.0	7500	7500	0.01	scaffold
T2T00	haplotype2-0000062	chr5	183921487	7500	182045439	183921487	1	7500	7500.0	7500	7500	0.01	scaffold
T2T00	haplotype1-0000024	chr6	172159936	15000	172126628	172159936	2	15000	7500.0	7500	7500	0.01	scaffold
T2T00	haplotype2-0000063	chr6	173072865	107500	172126628	173072865	2	107500	53750.0	100000	7500	0.01	scaffold
T2T00	haplotype1-0000008	chr7	159256231	0	160567428	159256231	0	0	0.0	0	0	0.0	contig
T2T00	haplotype2-0000052	chr7	159962893	0	160567428	159962893	0	0	0.0	0	0	0.0	contig
T2T00	haplotype1-0000015	chr8	145923315	0	146259331	145923315	0	0	0.0	0	0	0.0	contig
T2T00	haplotype2-0000060	chr8	145735667	0	146259331	145735667	0	0	0.0	0	0	0.0	contig
T2T00	haplotype1-0000025	chr9	138884307	56802	150617247	138884307	9	56802	6311.3	38802	1500	0.06	scaffold
T2T00	haplotype2-0000071	chr9	136367677	0	150617247	136367677	0	0	0.0	0	0	0.0	contig
T2T00	haplotype2-0000056	chrX	154363537	100000	154259566	154363537	1	100000	100000.0	100000	100000	0.01	scaffold
T2T00	haplotype1-0000011	chrY	52703089	0	62460029	52703089	0	0	0.0	0	0	0.0	contig
T2T00_1	haplotype1-0000004	chr1	247165570	15000	248387328	247165570	2	15000	7500.0	7500	7500	0.01	scaffold
T2T00_1	haplotype2-0000061	chr1	248140933	305472	248387328	248140933	14	305472	21819.4	100000	1500	0.06	scaffold
T2T00_1	haplotype1-0000008	chr10	136591974	7500	134758134	136591974	1	7500	7500.0	7500	7500	0.01	scaffold
T2T00_1	haplotype1-0000010	chr11	134374884	7500	135127769	134374884	1	7500	7500.0	7500	7500	0.01	scaffold
T2T00_1	haplotype2-0000059	chr11	137895591	0	135127769	137895591	0	0	0.0	0	0	0.0	contig
T2T00_1	haplotype1-0000001	chr12	133662923	0	133324548	133662923	0	0	0.0	0	0	0.0	contig
T2T00_1	haplotype2-0000049	chr12	134418758	0	133324548	134418758	0	0	0.0	0	0	0.0	contig
T2T00_1	haplotype1-0000002	chr14	100842030	100000	101161492	100842030	1	100000	100000.0	100000	100000	0.01	scaffold
T2T00_1	haplotype2-0000081	chr14	103619121	100000	101161492	103619121	1	100000	100000.0	100000	100000	0.01	scaffold
T2T00_1	haplotype1-0000021	chr16	92123903	0	96330374	92123903	0	0	0.0	0	0	0.0	contig
T2T00_1	haplotype2-0000072	chr16	94576254	100000	96330374	94576254	1	100000	100000.0	100000	100000	0.01	scaffold
T2T00_1	haplotype1-0000015	chr17	83446283	33262	84276897	83446283	1	33262	33262.0	33262	33262	0.01	scaffold
T2T00_1	haplotype2-0000066	chr17	83749122	100000	84276897	83749122	1	100000	100000.0	100000	100000	0.01	scaffold
T2T00_1	haplotype1-0000006	chr18	79509133	7500	80542538	79509133	1	7500	7500.0	7500	7500	0.01	scaffold
T2T00_1	haplotype2-0000056	chr18	81796117	26432	80542538	81796117	2	26432	13216.0	18932	7500	0.02	scaffold
T2T00_1	haplotype1-0000026	chr19	62337634	7500	61707364	62337634	1	7500	7500.0	7500	7500	0.02	scaffold
T2T00_1	haplotype2-0000055	chr19	60676981	7500	61707364	60676981	1	7500	7500.0	7500	7500	0.02	scaffold
T2T00_1	haplotype1-0000018	chr2	241986771	0	242696752	241986771	0	0	0.0	0	0	0.0	contig
T2T00_1	haplotype2-0000068	chr2	242685449	15000	242696752	242685449	2	15000	7500.0	7500	7500	0.01	scaffold
T2T00_1	haplotype1-0000012	chr20	64996913	0	66210255	64996913	0	0	0.0	0	0	0.0	contig
T2T00_1	haplotype2-0000062	chr20	67907667	0	66210255	67907667	0	0	0.0	0	0	0.0	contig
T2T00_1	haplotype1-0000009	chr3	200825299	100000	201105948	200825299	1	100000	100000.0	100000	100000	0.0	scaffold
T2T00_1	haplotype2-0000058	chr3	202100401	3000	201105948	202100401	2	3000	1500.0	1500	1500	0.01	scaffold
T2T00_1	haplotype1-0000003	chr4	192109076	0	193574945	192109076	0	0	0.0	0	0	0.0	contig
T2T00_1	haplotype2-0000078	chr4	191673532	0	193574945	191673532	0	0	0.0	0	0	0.0	contig
T2T00_1	haplotype1-0000014	chr5	184000694	7500	182045439	184000694	1	7500	7500.0	7500	7500	0.01	scaffold
T2T00_1	haplotype2-0000064	chr5	183175776	7500	182045439	183175776	1	7500	7500.0	7500	7500	0.01	scaffold
T2T00_1	haplotype1-0000025	chr6	172097832	7500	172126628	172097832	1	7500	7500.0	7500	7500	0.01	scaffold
T2T00_1	haplotype2-0000079	chr6	171258774	0	172126628	171258774	0	0	0.0	0	0	0.0	contig
T2T00_1	haplotype1-0000017	chr7	159513623	0	160567428	159513623	0	0	0.0	0	0	0.0	contig
T2T00_1	haplotype2-0000067	chr7	161529428	7500	160567428	161529428	1	7500	7500.0	7500	7500	0.01	scaffold
T2T00_1	haplotype1-0000027	chr8	146117197	0	146259331	146117197	0	0	0.0	0	0	0.0	contig
T2T00_1	haplotype2-0000071	chr8	146003521	7500	146259331	146003521	1	7500	7500.0	7500	7500	0.01	scaffold
T2T00_1	haplotype1-0000005	chr9	135985925	0	150617247	135985925	0	0	0.0	0	0	0.0	contig
T2T00_1	haplotype2-0000052	chr9	136553293	7500	150617247	136553293	1	7500	7500.0	7500	7500	0.01	scaffold
T2T00_1	haplotype2-0000073	chrX	155019582	0	154259566	155019582	0	0	0.0	0	0	0.0	contig
T2T00_2	haplotype1-0000012	chr11	136019032	37500	135127769	136019032	5	37500	7500.0	7500	7500	0.04	scaffold
T2T00_2	haplotype2-0000434	chr11	135108812	122500	135127769	135108812	4	122500	30625.0	100000	7500	0.03	scaffold
T2T00_2	haplotype1-0000001	chr12	133059177	30000	133324548	133059177	4	30000	7500.0	7500	7500	0.03	scaffold
T2T00_2	haplotype2-0000412	chr12	132525670	107500	133324548	132525670	2	107500	53750.0	100000	7500	0.02	scaffold
T2T00_2	haplotype1-0000013	chr17	81111901	222500	84276897	81111901	5	222500	44500.0	100000	7500	0.06	scaffold
T2T00_2	haplotype2-0000459	chr17	84020898	207500	84276897	84020898	3	207500	69166.7	100000	7500	0.04	scaffold
T2T00_2	haplotype1-0000032	chr18	80128035	9000	80542538	80128035	2	9000	4500.0	7500	1500	0.02	scaffold
T2T00_2	haplotype2-0000439	chr18	79335598	181777	80542538	79335598	5	181777	36355.4	100000	1500	0.06	scaffold
T2T00_2	haplotype1-0000015	chr19	62576422	16500	61707364	62576422	3	16500	5500.0	7500	1500	0.05	scaffold
T2T00_2	haplotype2-0000426	chr19	61161356	7500	61707364	61161356	1	7500	7500.0	7500	7500	0.02	scaffold
T2T00_2	haplotype1-0000035	chr20	65663860	7500	66210255	65663860	1	7500	7500.0	7500	7500	0.02	scaffold
T2T00_2	haplotype2-0000411	chr20	65612924	0	66210255	65612924	0	0	0.0	0	0	0.0	contig
T2T00_2	haplotype1-0000041	chr3	201141588	16500	201105948	201141588	3	16500	5500.0	7500	1500	0.01	scaffold
T2T00_2	haplotype2-0000464	chr3	199755894	15000	201105948	199755894	2	15000	7500.0	7500	7500	0.01	scaffold
T2T00_2	haplotype1-0000018	chr4	192895583	222500	193574945	192895583	5	222500	44500.0	100000	7500	0.03	scaffold
T2T00_2	haplotype2-0000429	chr4	191152381	100000	193574945	191152381	1	100000	100000.0	100000	100000	0.01	scaffold
T2T00_2	haplotype1-0000033	chr7	159923408	79570	160567428	159923408	3	79570	26523.3	64570	7500	0.02	scaffold
T2T00_2	haplotype2-0000452	chr7	161399179	106666	160567428	161399179	6	106666	17777.7	69166	7500	0.04	scaffold
T2T00_2	haplotype2-0000413	chr8	140629332	322500	146259331	140629332	6	322500	53750.0	100000	7500	0.04	scaffold
T2T04	haplotype1-0000011	chr1	251430232	24684	248387328	251430232	2	24684	12342.0	17184	7500	0.01	scaffold
T2T04	haplotype2-0000088	chr1	251682898	9000	248387328	251682898	2	9000	4500.0	7500	1500	0.01	scaffold
T2T04	haplotype1-0000017	chr11	134364492	7500	135127769	134364492	1	7500	7500.0	7500	7500	0.01	scaffold
T2T04	haplotype2-0000083	chr11	135113123	7500	135127769	135113123	1	7500	7500.0	7500	7500	0.01	scaffold
T2T04	haplotype1-0000019	chr12	134451918	0	133324548	134451918	0	0	0.0	0	0	0.0	contig
T2T04	haplotype2-0000090	chr12	134074806	0	133324548	134074806	0	0	0.0	0	0	0.0	contig
T2T04	haplotype2-0000072	chr15	98840867	107500	99753195	98840867	2	107500	53750.0	100000	7500	0.02	scaffold
T2T04	haplotype1-0000004	chr17	84773506	307500	84276897	84773506	4	307500	76875.0	100000	7500	0.05	scaffold
T2T04	haplotype2-0000070	chr17	83615043	16500	84276897	83615043	3	16500	5500.0	7500	1500	0.04	scaffold
T2T04	haplotype1-0000006	chr18	80262522	0	80542538	80262522	0	0	0.0	0	0	0.0	contig
T2T04	haplotype2-0000074	chr18	79987818	0	80542538	79987818	0	0	0.0	0	0	0.0	contig
T2T04	haplotype1-0000021	chr19	61654262	0	61707364	61654262	0	0	0.0	0	0	0.0	contig
T2T04	haplotype2-0000091	chr19	62355696	0	61707364	62355696	0	0	0.0	0	0	0.0	contig
T2T04	haplotype1-0000001	chr2	242210179	0	242696752	242210179	0	0	0.0	0	0	0.0	contig
T2T04	haplotype2-0000069	chr2	242226226	0	242696752	242226226	0	0	0.0	0	0	0.0	contig
T2T04	haplotype1-0000015	chr20	66195327	9000	66210255	66195327	2	9000	4500.0	7500	1500	0.03	scaffold
T2T04	haplotype2-0000085	chr20	65527377	0	66210255	65527377	0	0	0.0	0	0	0.0	contig
T2T04	haplotype1-0000014	chr21	44384512	200000	45090682	44384512	2	200000	100000.0	100000	100000	0.05	scaffold
T2T04	haplotype1-0000012	chr22	46827400	0	51324926	46827400	0	0	0.0	0	0	0.0	contig
T2T04	haplotype2-0000084	chr22	48492982	107500	51324926	48492982	2	107500	53750.0	100000	7500	0.04	scaffold
T2T04	haplotype1-0000020	chr3	201390820	107500	201105948	201390820	2	107500	53750.0	100000	7500	0.01	scaffold
T2T04	haplotype2-0000079	chr3	200241853	7500	201105948	200241853	1	7500	7500.0	7500	7500	0.0	scaffold
T2T04	haplotype1-0000022	chr4	193710918	0	193574945	193710918	0	0	0.0	0	0	0.0	contig
T2T04	haplotype2-0000092	chr4	190738096	100000	193574945	190738096	1	100000	100000.0	100000	100000	0.01	scaffold
T2T04	haplotype1-0000008	chr5	184982985	0	182045439	184982985	0	0	0.0	0	0	0.0	contig
T2T04	haplotype2-0000076	chr5	182576600	115000	182045439	182576600	3	115000	38333.3	100000	7500	0.02	scaffold
T2T04	haplotype1-0000009	chr6	171924118	100000	172126628	171924118	1	100000	100000.0	100000	100000	0.01	scaffold
T2T04	haplotype2-0000078	chr6	172672186	0	172126628	172672186	0	0	0.0	0	0	0.0	contig
T2T04	haplotype1-0000002	chr7	161412630	27688	160567428	161412630	4	27688	6922.0	7500	5188	0.02	scaffold
T2T04	haplotype2-0000080	chr7	161234164	9000	160567428	161234164	2	9000	4500.0	7500	1500	0.01	scaffold
T2T04	haplotype1-0000010	chr8	145354772	62530	146259331	145354772	1	62530	62530.0	62530	62530	0.01	scaffold
T2T04	haplotype2-0000082	chr8	146131832	7500	146259331	146131832	1	7500	7500.0	7500	7500	0.01	scaffold
T2T04	haplotype1-0000003	chr9	133700044	0	150617247	133700044	0	0	0.0	0	0	0.0	contig
T2T04	haplotype2-0000077	chr9	134874427	0	150617247	134874427	0	0	0.0	0	0	0.0	contig
T2T04	haplotype2-0000071	chrX	154436170	10755	154259566	154436170	2	10755	5377.5	9255	1500	0.01	scaffold
T2T04	haplotype1-0000013	chrY	51699560	100000	62460029	51699560	1	100000	100000.0	100000	100000	0.02	scaffold
T2T04_1	haplotype1-0000008	chr1	251601345	15000	248387328	251601345	2	15000	7500.0	7500	7500	0.01	scaffold
T2T04_1	haplotype2-0000119	chr1	251220084	24000	248387328	251220084	4	24000	6000.0	7500	1500	0.02	scaffold
T2T04_1	haplotype1-0000006	chr10	135650009	7500	134758134	135650009	1	7500	7500.0	7500	7500	0.01	scaffold
T2T04_1	haplotype2-0000105	chr10	133548400	100000	134758134	133548400	1	100000	100000.0	100000	100000	0.01	scaffold
T2T04_1	haplotype1-0000015	chr11	134292080	0	135127769	134292080	0	0	0.0	0	0	0.0	contig
T2T04_1	haplotype2-0000120	chr11	134965674	7500	135127769	134965674	1	7500	7500.0	7500	7500	0.01	scaffold
T2T04_1	haplotype1-0000001	chr12	134690160	33711	133324548	134690160	3	33711	11237.0	24711	1500	0.02	scaffold
T2T04_1	haplotype2-0000101	chr12	134140621	0	133324548	134140621	0	0	0.0	0	0	0.0	contig
T2T04_1	haplotype1-0000027	chr14	101015414	138232	101161492	101015414	3	138232	46077.3	100000	7500	0.03	scaffold
T2T04_1	haplotype1-0000016	chr16	88743438	115000	96330374	88743438	3	115000	38333.3	100000	7500	0.03	scaffold
T2T04_1	haplotype2-0000111	chr16	93312900	122500	96330374	93312900	4	122500	30625.0	100000	7500	0.04	scaffold
T2T04_1	haplotype1-0000002	chr17	81694469	7500	84276897	81694469	1	7500	7500.0	7500	7500	0.01	scaffold
T2T04_1	haplotype2-0000102	chr17	82854241	7500	84276897	82854241	1	7500	7500.0	7500	7500	0.01	scaffold
T2T04_1	haplotype1-0000012	chr18	80111611	15000	80542538	80111611	2	15000	7500.0	7500	7500	0.02	scaffold
T2T04_1	haplotype2-0000115	chr18	79807734	7500	80542538	79807734	1	7500	7500.0	7500	7500	0.01	scaffold
T2T04_1	haplotype1-0000010	chr19	61142978	15652	61707364	61142978	3	15652	5217.3	7500	1500	0.05	scaffold
T2T04_1	haplotype2-0000121	chr19	61843607	100000	61707364	61843607	1	100000	100000.0	100000	100000	0.02	scaffold
T2T04_1	haplotype1-0000022	chr2	242375679	7500	242696752	242375679	1	7500	7500.0	7500	7500	0.0	scaffold
T2T04_1	haplotype2-0000104	chr2	242425840	7500	242696752	242425840	1	7500	7500.0	7500	7500	0.0	scaffold
T2T04_1	haplotype1-0000005	chr20	66461371	0	66210255	66461371	0	0	0.0	0	0	0.0	contig
T2T04_1	haplotype2-0000108	chr20	67075691	0	66210255	67075691	0	0	0.0	0	0	0.0	contig
T2T04_1	haplotype2-0000131	chr21	44887022	100000	45090682	44887022	1	100000	100000.0	100000	100000	0.02	scaffold
T2T04_1	haplotype1-0000021	chr22	47070201	37668	51324926	47070201	1	37668	37668.0	37668	37668	0.02	scaffold
T2T04_1	haplotype1-0000026	chr3	203094671	15000	201105948	203094671	2	15000	7500.0	7500	7500	0.01	scaffold
T2T04_1	haplotype2-0000130	chr3	200420647	1500	201105948	200420647	1	1500	1500.0	1500	1500	0.0	scaffold
T2T04_1	haplotype1-0000013	chr4	192000826	200000	193574945	192000826	2	200000	100000.0	100000	100000	0.01	scaffold
T2T04_1	haplotype2-0000118	chr4	191244317	120882	193574945	191244317	4	120882	30220.5	100000	5882	0.02	scaffold
T2T04_1	haplotype1-0000003	chr5	183035673	115000	182045439	183035673	3	115000	38333.3	100000	7500	0.02	scaffold
T2T04_1	haplotype2-0000103	chr5	183014663	90894	182045439	183014663	2	90894	45447.0	83394	7500	0.01	scaffold
T2T04_1	haplotype1-0000024	chr6	172662199	0	172126628	172662199	0	0	0.0	0	0	0.0	contig
T2T04_1	haplotype2-0000129	chr6	174149509	328432	172126628	174149509	6	328432	54738.7	100000	7500	0.03	scaffold
T2T04_1	haplotype2-0000123	chr7	160750734	200000	160567428	160750734	2	200000	100000.0	100000	100000	0.01	scaffold
T2T04_1	haplotype1-0000007	chr8	145321118	7500	146259331	145321118	1	7500	7500.0	7500	7500	0.01	scaffold
T2T04_1	haplotype2-0000106	chr8	145871619	100000	146259331	145871619	1	100000	100000.0	100000	100000	0.01	scaffold
T2T04_1	haplotype1-0000014	chr9	141703726	7500	150617247	141703726	1	7500	7500.0	7500	7500	0.01	scaffold
T2T04_1	haplotype2-0000114	chrX	155117379	58790	154259566	155117379	1	58790	58790.0	58790	58790	0.01	scaffold
T2T04_2	haplotype1-0000023	chr10	134498568	107500	134758134	134498568	2	107500	53750.0	100000	7500	0.01	scaffold
T2T04_2	haplotype1-0000014	chr11	135021705	115000	135127769	135021705	3	115000	38333.3	100000	7500	0.02	scaffold
T2T04_2	haplotype2-0000214	chr11	135285696	1500	135127769	135285696	1	1500	1500.0	1500	1500	0.01	scaffold
T2T04_2	haplotype1-0000009	chr12	134130074	7500	133324548	134130074	1	7500	7500.0	7500	7500	0.01	scaffold
T2T04_2	haplotype2-0000209	chr12	133239514	122500	133324548	133239514	4	122500	30625.0	100000	7500	0.03	scaffold
T2T04_2	haplotype1-0000010	chr17	82435704	30000	84276897	82435704	4	30000	7500.0	7500	7500	0.05	scaffold
T2T04_2	haplotype2-0000211	chr17	84569072	1500	84276897	84569072	1	1500	1500.0	1500	1500	0.01	scaffold
T2T04_2	haplotype1-0000027	chr18	79245795	101500	80542538	79245795	2	101500	50750.0	100000	1500	0.03	scaffold
T2T04_2	haplotype2-0000229	chr18	78033359	15087	80542538	78033359	1	15087	15087.0	15087	15087	0.01	scaffold
T2T04_2	haplotype1-0000015	chr19	61806722	115000	61707364	61806722	3	115000	38333.3	100000	7500	0.05	scaffold
T2T04_2	haplotype2-0000215	chr19	62595462	7500	61707364	62595462	1	7500	7500.0	7500	7500	0.02	scaffold
T2T04_2	haplotype1-0000007	chr2	242164961	15000	242696752	242164961	2	15000	7500.0	7500	7500	0.01	scaffold
T2T04_2	haplotype2-0000208	chr2	242604468	16500	242696752	242604468	3	16500	5500.0	7500	1500	0.01	scaffold
T2T04_2	haplotype1-0000022	chr20	65591825	0	66210255	65591825	0	0	0.0	0	0	0.0	contig
T2T04_2	haplotype2-0000223	chr20	66628703	18000	66210255	66628703	4	18000	4500.0	7500	1500	0.06	scaffold
T2T04_2	haplotype2-0000224	chr3	201129820	7500	201105948	201129820	1	7500	7500.0	7500	7500	0.0	scaffold
T2T04_2	haplotype1-0000018	chr4	192285836	22500	193574945	192285836	3	22500	7500.0	7500	7500	0.02	scaffold
T2T04_2	haplotype2-0000218	chr4	192622986	100000	193574945	192622986	1	100000	100000.0	100000	100000	0.01	scaffold
T2T04_2	haplotype1-0000017	chr5	185019343	40431	182045439	185019343	1	40431	40431.0	40431	40431	0.01	scaffold
T2T04_2	haplotype2-0000216	chr5	183158301	0	182045439	183158301	0	0	0.0	0	0	0.0	contig
T2T04_2	haplotype1-0000008	chr6	172129768	22500	172126628	172129768	3	22500	7500.0	7500	7500	0.02	scaffold
T2T04_2	haplotype2-0000217	chr6	172345715	0	172126628	172345715	0	0	0.0	0	0	0.0	contig
T2T04_2	haplotype1-0000002	chr7	161088393	207500	160567428	161088393	3	207500	69166.7	100000	7500	0.02	scaffold
T2T04_2	haplotype2-0000203	chr7	161123468	100000	160567428	161123468	1	100000	100000.0	100000	100000	0.01	scaffold
T2T04_2	haplotype1-0000011	chr8	146421786	107500	146259331	146421786	2	107500	53750.0	100000	7500	0.01	scaffold
T2T04_2	haplotype2-0000199	chr8	146248998	207500	146259331	146248998	3	207500	69166.7	100000	7500	0.02	scaffold
T2T04_2	haplotype1-0000020	chrX	154649994	109000	154259566	154649994	3	109000	36333.3	100000	1500	0.02	scaffold
T2T04_2	haplotype2-0000220	chrX	154539420	115000	154259566	154539420	3	115000	38333.3	100000	7500	0.02	scaffold
T2T01	haplotype1-0000012	chr1	243437785	15000	248387328	243437785	2	15000	7500.0	7500	7500	0.01	scaffold
T2T01	haplotype2-0000056	chr1	244005423	0	248387328	244005423	0	0	0.0	0	0	0.0	contig
T2T01	haplotype1-0000009	chr10	134940526	100000	134758134	134940526	1	100000	100000.0	100000	100000	0.01	scaffold
T2T01	haplotype2-0000071	chr10	135562920	0	134758134	135562920	0	0	0.0	0	0	0.0	contig
T2T01	haplotype1-0000016	chr11	134766072	0	135127769	134766072	0	0	0.0	0	0	0.0	contig
T2T01	haplotype2-0000061	chr11	136667592	0	135127769	136667592	0	0	0.0	0	0	0.0	contig
T2T01	haplotype1-0000019	chr12	133809116	0	133324548	133809116	0	0	0.0	0	0	0.0	contig
T2T01	haplotype2-0000066	chr12	133930471	5769	133324548	133930471	1	5769	5769.0	5769	5769	0.01	scaffold
T2T01	haplotype1-0000002	chr16	93143332	100000	96330374	93143332	1	100000	100000.0	100000	100000	0.01	scaffold
T2T01	haplotype2-0000057	chr16	92191235	0	96330374	92191235	0	0	0.0	0	0	0.0	contig
T2T01	haplotype2-0000051	chr17	84163349	0	84276897	84163349	0	0	0.0	0	0	0.0	contig
T2T01	haplotype1-0000003	chr18	80540826	0	80542538	80540826	0	0	0.0	0	0	0.0	contig
T2T01	haplotype2-0000050	chr18	80891334	1500	80542538	80891334	1	1500	1500.0	1500	1500	0.01	scaffold
T2T01	haplotype1-0000008	chr19	61806424	0	61707364	61806424	0	0	0.0	0	0	0.0	contig
T2T01	haplotype2-0000073	chr19	61215450	7500	61707364	61215450	1	7500	7500.0	7500	7500	0.02	scaffold
T2T01	haplotype1-0000005	chr2	242399953	0	242696752	242399953	0	0	0.0	0	0	0.0	contig
T2T01	haplotype2-0000052	chr2	242012674	15000	242696752	242012674	2	15000	7500.0	7500	7500	0.01	scaffold
T2T01	haplotype1-0000026	chr20	66569010	7500	66210255	66569010	1	7500	7500.0	7500	7500	0.02	scaffold
T2T01	haplotype2-0000072	chr20	66500826	0	66210255	66500826	0	0	0.0	0	0	0.0	contig
T2T01	haplotype1-0000025	chr22	48215052	100000	51324926	48215052	1	100000	100000.0	100000	100000	0.02	scaffold
T2T01	haplotype1-0000017	chr3	203142097	1500	201105948	203142097	1	1500	1500.0	1500	1500	0.0	scaffold
T2T01	haplotype2-0000062	chr3	200666109	0	201105948	200666109	0	0	0.0	0	0	0.0	contig
T2T01	haplotype1-0000011	chr4	192262443	100000	193574945	192262443	1	100000	100000.0	100000	100000	0.01	scaffold
T2T01	haplotype2-0000049	chr4	191926267	103104	193574945	191926267	3	103104	34368.0	100000	1500	0.02	scaffold
T2T01	haplotype1-0000001	chr5	181140957	0	182045439	181140957	0	0	0.0	0	0	0.0	contig
T2T01	haplotype2-0000048	chr5	182350015	20714	182045439	182350015	1	20714	20714.0	20714	20714	0.01	scaffold
T2T01	haplotype1-0000018	chr6	171778392	0	172126628	171778392	0	0	0.0	0	0	0.0	contig
T2T01	haplotype2-0000063	chr6	171815140	100000	172126628	171815140	1	100000	100000.0	100000	100000	0.01	scaffold
T2T01	haplotype1-0000006	chr7	161204508	7500	160567428	161204508	1	7500	7500.0	7500	7500	0.01	scaffold
T2T01	haplotype2-0000053	chr7	160138983	7500	160567428	160138983	1	7500	7500.0	7500	7500	0.01	scaffold
T2T01	haplotype1-0000010	chr8	146526016	0	146259331	146526016	0	0	0.0	0	0	0.0	contig
T2T01	haplotype2-0000055	chr8	145384527	7500	146259331	145384527	1	7500	7500.0	7500	7500	0.01	scaffold
T2T01	haplotype1-0000007	chr9	135786860	0	150617247	135786860	0	0	0.0	0	0	0.0	contig
T2T01	haplotype2-0000054	chr9	142520475	0	150617247	142520475	0	0	0.0	0	0	0.0	contig
T2T01	haplotype1-0000024	chrX	154733072	0	154259566	154733072	0	0	0.0	0	0	0.0	contig
T2T01	haplotype2-0000070	chrX	155654870	1500	154259566	155654870	1	1500	1500.0	1500	1500	0.01	scaffold
T2T02	haplotype1-0000028	chr1	250387180	15000	248387328	250387180	2	15000	7500.0	7500	7500	0.01	scaffold
T2T02	haplotype2-0000103	chr1	250032915	24000	248387328	250032915	4	24000	6000.0	7500	1500	0.02	scaffold
T2T02	haplotype2-0000104	chr10	134973284	0	134758134	134973284	0	0	0.0	0	0	0.0	contig
T2T02	haplotype1-0000022	chr11	134214980	0	135127769	134214980	0	0	0.0	0	0	0.0	contig
T2T02	haplotype2-0000115	chr11	134470917	0	135127769	134470917	0	0	0.0	0	0	0.0	contig
T2T02	haplotype1-0000034	chr12	134285711	100000	133324548	134285711	1	100000	100000.0	100000	100000	0.01	scaffold
T2T02	haplotype2-0000108	chr12	133361498	100000	133324548	133361498	1	100000	100000.0	100000	100000	0.01	scaffold
T2T02	haplotype1-0000024	chr14	99883889	100000	101161492	99883889	1	100000	100000.0	100000	100000	0.01	scaffold
T2T02	haplotype2-0000116	chr14	101166159	17055	101161492	101166159	2	17055	8527.5	9555	7500	0.02	scaffold
T2T02	haplotype1-0000009	chr16	88590755	0	96330374	88590755	0	0	0.0	0	0	0.0	contig
T2T02	haplotype2-0000113	chr16	91971312	68954	96330374	91971312	2	68954	34477.0	61454	7500	0.02	scaffold
T2T02	haplotype1-0000032	chr17	84191771	100000	84276897	84191771	1	100000	100000.0	100000	100000	0.01	scaffold
T2T02	haplotype2-0000121	chr17	83173078	7500	84276897	83173078	1	7500	7500.0	7500	7500	0.01	scaffold
T2T02	haplotype1-0000015	chr18	80413752	0	80542538	80413752	0	0	0.0	0	0	0.0	contig
T2T02	haplotype2-0000105	chr18	78790178	0	80542538	78790178	0	0	0.0	0	0	0.0	contig
T2T02	haplotype1-0000002	chr19	59889361	7500	61707364	59889361	1	7500	7500.0	7500	7500	0.02	scaffold
T2T02	haplotype2-0000096	chr19	60103382	7500	61707364	60103382	1	7500	7500.0	7500	7500	0.02	scaffold
T2T02	haplotype1-0000027	chr2	242447953	107500	242696752	242447953	2	107500	53750.0	100000	7500	0.01	scaffold
T2T02	haplotype2-0000100	chr2	242428810	0	242696752	242428810	0	0	0.0	0	0	0.0	contig
T2T02	haplotype1-0000031	chr20	65260145	100000	66210255	65260145	1	100000	100000.0	100000	100000	0.02	scaffold
T2T02	haplotype2-0000119	chr20	68374864	0	66210255	68374864	0	0	0.0	0	0	0.0	contig
T2T02	haplotype1-0000030	chr22	51111642	100000	51324926	51111642	1	100000	100000.0	100000	100000	0.02	scaffold
T2T02	haplotype1-0000019	chr3	200235505	0	201105948	200235505	0	0	0.0	0	0	0.0	contig
T2T02	haplotype2-0000097	chr3	200987077	7500	201105948	200987077	1	7500	7500.0	7500	7500	0.0	scaffold
T2T02	haplotype1-0000021	chr4	190615048	0	193574945	190615048	0	0	0.0	0	0	0.0	contig
T2T02	haplotype2-0000112	chr4	191283227	0	193574945	191283227	0	0	0.0	0	0	0.0	contig
T2T02	haplotype1-0000017	chr5	182293882	0	182045439	182293882	0	0	0.0	0	0	0.0	contig
T2T02	haplotype1-0000010	chr6	171876744	0	172126628	171876744	0	0	0.0	0	0	0.0	contig
T2T02	haplotype2-0000106	chr6	172328217	189548	172126628	172328217	2	189548	94774.0	100000	89548	0.01	scaffold
T2T02	haplotype1-0000026	chr7	160235758	7500	160567428	160235758	1	7500	7500.0	7500	7500	0.01	scaffold
T2T02	haplotype2-0000117	chr7	160621303	7500	160567428	160621303	1	7500	7500.0	7500	7500	0.01	scaffold
T2T02	haplotype1-0000004	chr8	145948428	7500	146259331	145948428	1	7500	7500.0	7500	7500	0.01	scaffold
T2T02	haplotype2-0000098	chr8	146108150	0	146259331	146108150	0	0	0.0	0	0	0.0	contig
T2T02	haplotype2-0000099	chr9	137551760	1078630	150617247	137551760	19	1078630	56770.0	100000	1500	0.14	scaffold
T2T02	haplotype2-0000118	chrX	155432085	7500	154259566	155432085	1	7500	7500.0	7500	7500	0.01	scaffold
T2T03	haplotype1-0000015	chr1	247552703	0	248387328	247552703	0	0	0.0	0	0	0.0	contig
T2T03	haplotype2-0000050	chr1	246778648	0	248387328	246778648	0	0	0.0	0	0	0.0	contig
T2T03	haplotype1-0000011	chr10	135480729	7500	134758134	135480729	1	7500	7500.0	7500	7500	0.01	scaffold
T2T03	haplotype2-0000046	chr10	135507683	63396	134758134	135507683	1	63396	63396.0	63396	63396	0.01	scaffold
T2T03	haplotype1-0000023	chr11	137118453	0	135127769	137118453	0	0	0.0	0	0	0.0	contig
T2T03	haplotype2-0000058	chr11	134039489	0	135127769	134039489	0	0	0.0	0	0	0.0	contig
T2T03	haplotype1-0000007	chr12	134730546	0	133324548	134730546	0	0	0.0	0	0	0.0	contig
T2T03	haplotype2-0000042	chr12	133438499	0	133324548	133438499	0	0	0.0	0	0	0.0	contig
T2T03	haplotype1-0000005	chr14	101102818	100000	101161492	101102818	1	100000	100000.0	100000	100000	0.01	scaffold
T2T03	haplotype2-0000040	chr14	103624521	100000	101161492	103624521	1	100000	100000.0	100000	100000	0.01	scaffold
T2T03	haplotype2-0000037	chr15	95920903	100000	99753195	95920903	1	100000	100000.0	100000	100000	0.01	scaffold
T2T03	haplotype1-0000022	chr16	93405936	0	96330374	93405936	0	0	0.0	0	0	0.0	contig
T2T03	haplotype2-0000036	chr16	91380727	7500	96330374	91380727	1	7500	7500.0	7500	7500	0.01	scaffold
T2T03	haplotype1-0000019	chr17	84466971	7500	84276897	84466971	1	7500	7500.0	7500	7500	0.01	scaffold
T2T03	haplotype2-0000054	chr17	84528790	0	84276897	84528790	0	0	0.0	0	0	0.0	contig
T2T03	haplotype1-0000012	chr18	81150455	0	80542538	81150455	0	0	0.0	0	0	0.0	contig
T2T03	haplotype2-0000047	chr18	81187664	0	80542538	81187664	0	0	0.0	0	0	0.0	contig
T2T03	haplotype1-0000021	chr19	62672909	0	61707364	62672909	0	0	0.0	0	0	0.0	contig
T2T03	haplotype2-0000056	chr19	61465565	0	61707364	61465565	0	0	0.0	0	0	0.0	contig
T2T03	haplotype1-0000013	chr2	242731492	0	242696752	242731492	0	0	0.0	0	0	0.0	contig
T2T03	haplotype2-0000049	chr2	242614087	7500	242696752	242614087	1	7500	7500.0	7500	7500	0.0	scaffold
T2T03	haplotype1-0000003	chr20	66502498	0	66210255	66502498	0	0	0.0	0	0	0.0	contig
T2T03	haplotype2-0000039	chr20	66758653	0	66210255	66758653	0	0	0.0	0	0	0.0	contig
T2T03	haplotype1-0000001	chr3	202422301	0	201105948	202422301	0	0	0.0	0	0	0.0	contig
T2T03	haplotype2-0000048	chr3	201006204	15000	201105948	201006204	2	15000	7500.0	7500	7500	0.01	scaffold
T2T03	haplotype1-0000014	chr4	191218502	0	193574945	191218502	0	0	0.0	0	0	0.0	contig
T2T03	haplotype2-0000057	chr4	193669163	0	193574945	193669163	0	0	0.0	0	0	0.0	contig
T2T03	haplotype1-0000010	chr5	183587458	0	182045439	183587458	0	0	0.0	0	0	0.0	contig
T2T03	haplotype2-0000045	chr5	184494772	0	182045439	184494772	0	0	0.0	0	0	0.0	contig
T2T03	haplotype1-0000016	chr6	173146419	15000	172126628	173146419	2	15000	7500.0	7500	7500	0.01	scaffold
T2T03	haplotype2-0000051	chr6	174255102	0	172126628	174255102	0	0	0.0	0	0	0.0	contig
T2T03	haplotype1-0000020	chr7	161603352	0	160567428	161603352	0	0	0.0	0	0	0.0	contig
T2T03	haplotype2-0000055	chr7	160955993	0	160567428	160955993	0	0	0.0	0	0	0.0	contig
T2T03	haplotype1-0000018	chr8	146099549	0	146259331	146099549	0	0	0.0	0	0	0.0	contig
T2T03	haplotype2-0000053	chr8	145976915	0	146259331	145976915	0	0	0.0	0	0	0.0	contig
T2T03	haplotype1-0000017	chr9	136066042	0	150617247	136066042	0	0	0.0	0	0	0.0	contig
T2T03	haplotype2-0000052	chr9	141781379	0	150617247	141781379	0	0	0.0	0	0	0.0	contig
T2T03	haplotype1-0000008	chrX	154555945	0	154259566	154555945	0	0	0.0	0	0	0.0	contig
T2T03	haplotype2-0000043	chrX	154289813	1500	154259566	154289813	1	1500	1500.0	1500	1500	0.01	scaffold
T2T05	haplotype1-0000018	chr1	249728714	7500	248387328	249728714	1	7500	7500.0	7500	7500	0.0	scaffold
T2T05	haplotype2-0000058	chr1	254177468	0	248387328	254177468	0	0	0.0	0	0	0.0	contig
T2T05	haplotype1-0000024	chr10	135918109	0	134758134	135918109	0	0	0.0	0	0	0.0	contig
T2T05	haplotype2-0000064	chr10	135406550	0	134758134	135406550	0	0	0.0	0	0	0.0	contig
T2T05	haplotype1-0000025	chr11	134714153	0	135127769	134714153	0	0	0.0	0	0	0.0	contig
T2T05	haplotype2-0000065	chr11	135549032	0	135127769	135549032	0	0	0.0	0	0	0.0	contig
T2T05	haplotype1-0000021	chr12	133537805	0	133324548	133537805	0	0	0.0	0	0	0.0	contig
T2T05	haplotype2-0000061	chr12	133260673	0	133324548	133260673	0	0	0.0	0	0	0.0	contig
T2T05	haplotype1-0000011	chr14	98522394	200000	101161492	98522394	2	200000	100000.0	100000	100000	0.02	scaffold
T2T05	haplotype2-0000052	chr14	101147601	100000	101161492	101147601	1	100000	100000.0	100000	100000	0.01	scaffold
T2T05	haplotype1-0000014	chr16	95693671	100000	96330374	95693671	1	100000	100000.0	100000	100000	0.01	scaffold
T2T05	haplotype2-0000055	chr16	95323737	0	96330374	95323737	0	0	0.0	0	0	0.0	contig
T2T05	haplotype1-0000003	chr17	83331583	0	84276897	83331583	0	0	0.0	0	0	0.0	contig
T2T05	haplotype2-0000041	chr17	82706441	13665	84276897	82706441	2	13665	6832.5	7500	6165	0.02	scaffold
T2T05	haplotype1-0000004	chr18	79532581	0	80542538	79532581	0	0	0.0	0	0	0.0	contig
T2T05	haplotype2-0000043	chr18	80890679	101500	80542538	80890679	2	101500	50750.0	100000	1500	0.02	scaffold
T2T05	haplotype1-0000007	chr19	62019716	7500	61707364	62019716	1	7500	7500.0	7500	7500	0.02	scaffold
T2T05	haplotype2-0000039	chr19	60908203	0	61707364	60908203	0	0	0.0	0	0	0.0	contig
T2T05	haplotype1-0000020	chr2	242338707	0	242696752	242338707	0	0	0.0	0	0	0.0	contig
T2T05	haplotype2-0000060	chr2	242435029	0	242696752	242435029	0	0	0.0	0	0	0.0	contig
T2T05	haplotype1-0000012	chr20	65900802	0	66210255	65900802	0	0	0.0	0	0	0.0	contig
T2T05	haplotype2-0000050	chr20	68116444	0	66210255	68116444	0	0	0.0	0	0	0.0	contig
T2T05	haplotype2-0000047	chr21	43734801	100000	45090682	43734801	1	100000	100000.0	100000	100000	0.02	scaffold
T2T05	haplotype2-0000063	chr22	47525037	107500	51324926	47525037	2	107500	53750.0	100000	7500	0.04	scaffold
T2T05	haplotype1-0000019	chr3	200482926	100000	201105948	200482926	1	100000	100000.0	100000	100000	0.0	scaffold
T2T05	haplotype2-0000059	chr3	201507838	0	201105948	201507838	0	0	0.0	0	0	0.0	contig
T2T05	haplotype1-0000022	chr4	192062612	0	193574945	192062612	0	0	0.0	0	0	0.0	contig
T2T05	haplotype2-0000062	chr4	191729628	0	193574945	191729628	0	0	0.0	0	0	0.0	contig
T2T05	haplotype1-0000017	chr5	183834775	0	182045439	183834775	0	0	0.0	0	0	0.0	contig
T2T05	haplotype2-0000057	chr5	183463549	0	182045439	183463549	0	0	0.0	0	0	0.0	contig
T2T05	haplotype1-0000002	chr6	171804137	0	172126628	171804137	0	0	0.0	0	0	0.0	contig
T2T05	haplotype2-0000040	chr6	172077296	9000	172126628	172077296	2	9000	4500.0	7500	1500	0.01	scaffold
T2T05	haplotype1-0000001	chr7	161508151	0	160567428	161508151	0	0	0.0	0	0	0.0	contig
T2T05	haplotype2-0000038	chr7	160572402	0	160567428	160572402	0	0	0.0	0	0	0.0	contig
T2T05	haplotype1-0000010	chr8	145459435	0	146259331	145459435	0	0	0.0	0	0	0.0	contig
T2T05	haplotype2-0000049	chr8	146201523	0	146259331	146201523	0	0	0.0	0	0	0.0	contig
T2T05	haplotype1-0000016	chr9	132548779	0	150617247	132548779	0	0	0.0	0	0	0.0	contig
T2T05	haplotype2-0000056	chr9	139266462	0	150617247	139266462	0	0	0.0	0	0	0.0	contig
T2T05	haplotype2-0000048	chrX	154822203	0	154259566	154822203	0	0	0.0	0	0	0.0	contig
T2T05	haplotype1-0000015	chrY	50061478	0	62460029	50061478	0	0	0.0	0	0	0.0	contig
T2T06	haplotype1-0000007	chr1	248203186	179419	248387328	248203186	3	179419	59806.3	100000	7500	0.01	scaffold
T2T06	haplotype2-0000048	chr1	246274725	7500	248387328	246274725	1	7500	7500.0	7500	7500	0.0	scaffold
T2T06	haplotype1-0000016	chr10	135206642	0	134758134	135206642	0	0	0.0	0	0	0.0	contig
T2T06	haplotype2-0000063	chr10	135701482	7500	134758134	135701482	1	7500	7500.0	7500	7500	0.01	scaffold
T2T06	haplotype1-0000023	chr11	134206595	7500	135127769	134206595	1	7500	7500.0	7500	7500	0.01	scaffold
T2T06	haplotype2-0000070	chr11	134356325	7500	135127769	134356325	1	7500	7500.0	7500	7500	0.01	scaffold
T2T06	haplotype1-0000010	chr12	131597711	0	133324548	131597711	0	0	0.0	0	0	0.0	contig
T2T06	haplotype2-0000058	chr12	133320016	0	133324548	133320016	0	0	0.0	0	0	0.0	contig
T2T06	haplotype2-0000061	chr14	100859969	100000	101161492	100859969	1	100000	100000.0	100000	100000	0.01	scaffold
T2T06	haplotype2-0000069	chr15	93322692	200000	99753195	93322692	2	200000	100000.0	100000	100000	0.02	scaffold
T2T06	haplotype1-0000006	chr16	90133295	100000	96330374	90133295	1	100000	100000.0	100000	100000	0.01	scaffold
T2T06	haplotype2-0000071	chr16	89592435	7500	96330374	89592435	1	7500	7500.0	7500	7500	0.01	scaffold
T2T06	haplotype1-0000004	chr17	83846641	7500	84276897	83846641	1	7500	7500.0	7500	7500	0.01	scaffold
T2T06	haplotype2-0000066	chr17	82185288	93908	84276897	82185288	3	93908	31302.7	52484	7500	0.04	scaffold
T2T06	haplotype1-0000013	chr18	80966860	57024	80542538	80966860	1	57024	57024.0	57024	57024	0.01	scaffold
T2T06	haplotype2-0000054	chr18	80204245	7500	80542538	80204245	1	7500	7500.0	7500	7500	0.01	scaffold
T2T06	haplotype1-0000012	chr19	59381086	0	61707364	59381086	0	0	0.0	0	0	0.0	contig
T2T06	haplotype2-0000049	chr19	61270174	7500	61707364	61270174	1	7500	7500.0	7500	7500	0.02	scaffold
T2T06	haplotype1-0000015	chr2	242215410	0	242696752	242215410	0	0	0.0	0	0	0.0	contig
T2T06	haplotype2-0000062	chr2	242377218	0	242696752	242377218	0	0	0.0	0	0	0.0	contig
T2T06	haplotype1-0000025	chr20	65736007	0	66210255	65736007	0	0	0.0	0	0	0.0	contig
T2T06	haplotype2-0000073	chr20	68252834	0	66210255	68252834	0	0	0.0	0	0	0.0	contig
T2T06	haplotype1-0000026	chr3	201993019	0	201105948	201993019	0	0	0.0	0	0	0.0	contig
T2T06	haplotype2-0000074	chr3	203186182	100000	201105948	203186182	1	100000	100000.0	100000	100000	0.0	scaffold
T2T06	haplotype1-0000009	chr4	191318702	9000	193574945	191318702	2	9000	4500.0	7500	1500	0.01	scaffold
T2T06	haplotype2-0000057	chr4	191378015	100000	193574945	191378015	1	100000	100000.0	100000	100000	0.01	scaffold
T2T06	haplotype1-0000017	chr5	183213748	0	182045439	183213748	0	0	0.0	0	0	0.0	contig
T2T06	haplotype2-0000064	chr5	183363758	0	182045439	183363758	0	0	0.0	0	0	0.0	contig
T2T06	haplotype1-0000019	chr6	173837558	0	172126628	173837558	0	0	0.0	0	0	0.0	contig
T2T06	haplotype2-0000067	chr6	171627842	7500	172126628	171627842	1	7500	7500.0	7500	7500	0.01	scaffold
T2T06	haplotype1-0000020	chr7	160794401	0	160567428	160794401	0	0	0.0	0	0	0.0	contig
T2T06	haplotype2-0000068	chr7	161407817	0	160567428	161407817	0	0	0.0	0	0	0.0	contig
T2T06	haplotype1-0000021	chr8	145301303	0	146259331	145301303	0	0	0.0	0	0	0.0	contig
T2T06	haplotype2-0000050	chr8	145622241	0	146259331	145622241	0	0	0.0	0	0	0.0	contig
T2T06	haplotype1-0000024	chr9	135065769	0	150617247	135065769	0	0	0.0	0	0	0.0	contig
T2T06	haplotype2-0000072	chr9	134137437	0	150617247	134137437	0	0	0.0	0	0	0.0	contig
T2T06	haplotype2-0000053	chrX	154598733	40080	154259566	154598733	1	40080	40080.0	40080	40080	0.01	scaffold
T2T06	haplotype1-0000005	chrY	47256863	115000	62460029	47256863	3	115000	38333.3	100000	7500	0.06	scaffold
T2T07	haplotype1-0000014	chr1	246470741	379388	248387328	246470741	7	379388	54198.3	100000	7500	0.03	scaffold
T2T07	haplotype2-0000128	chr1	247809688	237500	248387328	247809688	7	237500	33928.6	100000	7500	0.03	scaffold
T2T07	haplotype1-0000016	chr10	136014981	7500	134758134	136014981	1	7500	7500.0	7500	7500	0.01	scaffold
T2T07	haplotype2-0000131	chr10	135835031	24000	134758134	135835031	4	24000	6000.0	7500	1500	0.03	scaffold
T2T07	haplotype1-0000018	chr11	134731078	107500	135127769	134731078	2	107500	53750.0	100000	7500	0.01	scaffold
T2T07	haplotype2-0000124	chr11	135761507	15000	135127769	135761507	2	15000	7500.0	7500	7500	0.01	scaffold
T2T07	haplotype1-0000031	chr12	133785045	107500	133324548	133785045	2	107500	53750.0	100000	7500	0.01	scaffold
T2T07	haplotype1-0000001	chr14	102144648	101500	101161492	102144648	2	101500	50750.0	100000	1500	0.02	scaffold
T2T07	haplotype2-0000117	chr14	100672409	100000	101161492	100672409	1	100000	100000.0	100000	100000	0.01	scaffold
T2T07	haplotype1-0000003	chr17	84758732	88047	84276897	84758732	1	88047	88047.0	88047	88047	0.01	scaffold
T2T07	haplotype2-0000119	chr17	82787125	7500	84276897	82787125	1	7500	7500.0	7500	7500	0.01	scaffold
T2T07	haplotype1-0000030	chr18	78903743	100000	80542538	78903743	1	100000	100000.0	100000	100000	0.01	scaffold
T2T07	haplotype2-0000140	chr18	79518262	15000	80542538	79518262	2	15000	7500.0	7500	7500	0.03	scaffold
T2T07	haplotype1-0000033	chr19	63415856	7500	61707364	63415856	1	7500	7500.0	7500	7500	0.02	scaffold
T2T07	haplotype2-0000146	chr19	62203869	100000	61707364	62203869	1	100000	100000.0	100000	100000	0.02	scaffold
T2T07	haplotype1-0000009	chr2	243014130	7500	242696752	243014130	1	7500	7500.0	7500	7500	0.0	scaffold
T2T07	haplotype2-0000126	chr2	242255263	0	242696752	242255263	0	0	0.0	0	0	0.0	contig
T2T07	haplotype1-0000026	chr20	65627635	100000	66210255	65627635	1	100000	100000.0	100000	100000	0.02	scaffold
T2T07	haplotype1-0000028	chr3	201985912	7500	201105948	201985912	1	7500	7500.0	7500	7500	0.0	scaffold
T2T07	haplotype2-0000133	chr3	200806082	107500	201105948	200806082	2	107500	53750.0	100000	7500	0.01	scaffold
T2T07	haplotype1-0000029	chr5	184013368	22500	182045439	184013368	3	22500	7500.0	7500	7500	0.02	scaffold
T2T07	haplotype2-0000139	chr5	182476891	111746	182045439	182476891	3	111746	37248.7	96746	7500	0.02	scaffold
T2T07	haplotype1-0000008	chr6	170948422	201500	172126628	170948422	3	201500	67166.7	100000	1500	0.02	scaffold
T2T07	haplotype2-0000125	chr6	170895230	207500	172126628	170895230	3	207500	69166.7	100000	7500	0.02	scaffold
T2T07	haplotype1-0000015	chr8	146764665	3000	146259331	146764665	2	3000	1500.0	1500	1500	0.01	scaffold
T2T07	haplotype2-0000143	chr8	147505178	137300	146259331	147505178	5	137300	27460.0	100000	7500	0.03	scaffold
T2T07	haplotype1-0000020	chr9	134707257	0	150617247	134707257	0	0	0.0	0	0	0.0	contig
T2T07	haplotype2-0000129	chr9	142406402	0	150617247	142406402	0	0	0.0	0	0	0.0	contig
T2T07	haplotype1-0000021	chrX	154352325	66376	154259566	154352325	3	66376	22125.3	51376	7500	0.02	scaffold
T2T07	haplotype2-0000130	chrX	154492584	66376	154259566	154492584	3	66376	22125.3	51376	7500	0.02	scaffold
T2T08	haplotype1-0000006	chr1	247546737	7500	248387328	247546737	1	7500	7500.0	7500	7500	0.0	scaffold
T2T08	haplotype2-0000045	chr1	247291365	15000	248387328	247291365	2	15000	7500.0	7500	7500	0.01	scaffold
T2T08	haplotype1-0000007	chr10	135109319	0	134758134	135109319	0	0	0.0	0	0	0.0	contig
T2T08	haplotype2-0000046	chr10	134534624	7500	134758134	134534624	1	7500	7500.0	7500	7500	0.01	scaffold
T2T08	haplotype1-0000023	chr11	136949841	0	135127769	136949841	0	0	0.0	0	0	0.0	contig
T2T08	haplotype2-0000064	chr11	137234201	0	135127769	137234201	0	0	0.0	0	0	0.0	contig
T2T08	haplotype2-0000041	chr12	133008694	0	133324548	133008694	0	0	0.0	0	0	0.0	contig
T2T08	haplotype2-0000057	chr13	106096579	100000	113566686	106096579	1	100000	100000.0	100000	100000	0.01	scaffold
T2T08	haplotype1-0000005	chr14	100897401	4893	101161492	100897401	1	4893	4893.0	4893	4893	0.01	scaffold
T2T08	haplotype1-0000002	chr15	96201418	200000	99753195	96201418	2	200000	100000.0	100000	100000	0.02	scaffold
T2T08	haplotype1-0000024	chr16	91973104	0	96330374	91973104	0	0	0.0	0	0	0.0	contig
T2T08	haplotype2-0000065	chr16	92020057	7500	96330374	92020057	1	7500	7500.0	7500	7500	0.01	scaffold
T2T08	haplotype1-0000016	chr17	83171860	9000	84276897	83171860	2	9000	4500.0	7500	1500	0.02	scaffold
T2T08	haplotype2-0000056	chr17	83934255	107500	84276897	83934255	2	107500	53750.0	100000	7500	0.02	scaffold
T2T08	haplotype1-0000013	chr18	77888170	0	80542538	77888170	0	0	0.0	0	0	0.0	contig
T2T08	haplotype2-0000050	chr18	80141766	7500	80542538	80141766	1	7500	7500.0	7500	7500	0.01	scaffold
T2T08	haplotype1-0000008	chr19	60654989	7500	61707364	60654989	1	7500	7500.0	7500	7500	0.02	scaffold
T2T08	haplotype2-0000047	chr19	61284264	0	61707364	61284264	0	0	0.0	0	0	0.0	contig
T2T08	haplotype1-0000011	chr2	242346336	0	242696752	242346336	0	0	0.0	0	0	0.0	contig
T2T08	haplotype2-0000052	chr2	242460456	0	242696752	242460456	0	0	0.0	0	0	0.0	contig
T2T08	haplotype1-0000009	chr20	68947904	0	66210255	68947904	0	0	0.0	0	0	0.0	contig
T2T08	haplotype2-0000062	chr20	67294313	0	66210255	67294313	0	0	0.0	0	0	0.0	contig
T2T08	haplotype1-0000025	chr3	199655977	0	201105948	199655977	0	0	0.0	0	0	0.0	contig
T2T08	haplotype2-0000066	chr3	203044581	100000	201105948	203044581	1	100000	100000.0	100000	100000	0.0	scaffold
T2T08	haplotype1-0000004	chr4	191306244	18316	193574945	191306244	6	18316	3052.7	7500	1500	0.03	scaffold
T2T08	haplotype2-0000042	chr4	192225278	0	193574945	192225278	0	0	0.0	0	0	0.0	contig
T2T08	haplotype1-0000020	chr5	183066846	0	182045439	183066846	0	0	0.0	0	0	0.0	contig
T2T08	haplotype2-0000043	chr5	181537049	0	182045439	181537049	0	0	0.0	0	0	0.0	contig
T2T08	haplotype1-0000026	chr6	171512920	0	172126628	171512920	0	0	0.0	0	0	0.0	contig
T2T08	haplotype2-0000067	chr6	174811872	21072	172126628	174811872	1	21072	21072.0	21072	21072	0.01	scaffold
T2T08	haplotype1-0000012	chr7	160661799	0	160567428	160661799	0	0	0.0	0	0	0.0	contig
T2T08	haplotype2-0000049	chr7	161100845	7500	160567428	161100845	1	7500	7500.0	7500	7500	0.01	scaffold
T2T08	haplotype1-0000022	chr8	145521797	0	146259331	145521797	0	0	0.0	0	0	0.0	contig
T2T08	haplotype2-0000063	chr8	145452402	15000	146259331	145452402	2	15000	7500.0	7500	7500	0.01	scaffold
T2T08	haplotype1-0000010	chr9	135926203	0	150617247	135926203	0	0	0.0	0	0	0.0	contig
T2T08	haplotype2-0000053	chr9	138453742	10500	150617247	138453742	3	10500	3500.0	7500	1500	0.02	scaffold
T2T08	haplotype1-0000003	chrX	155210870	1500	154259566	155210870	1	1500	1500.0	1500	1500	0.01	scaffold
T2T08	haplotype2-0000055	chrX	154684222	0	154259566	154684222	0	0	0.0	0	0	0.0	contig
T2T09	haplotype1-0000003	chr1	246612773	209000	248387328	246612773	4	209000	52250.0	100000	1500	0.02	scaffold
T2T09	haplotype2-0000097	chr1	250656226	177254	248387328	250656226	5	177254	35450.8	100000	1500	0.02	scaffold
T2T09	haplotype1-0000004	chr10	134178394	7500	134758134	134178394	1	7500	7500.0	7500	7500	0.01	scaffold
T2T09	haplotype2-0000096	chr10	134683900	0	134758134	134683900	0	0	0.0	0	0	0.0	contig
T2T09	haplotype1-0000008	chr11	135469756	0	135127769	135469756	0	0	0.0	0	0	0.0	contig
T2T09	haplotype2-0000089	chr11	133998686	10500	135127769	133998686	3	10500	3500.0	7500	1500	0.02	scaffold
T2T09	haplotype1-0000010	chr12	134078966	100000	133324548	134078966	1	100000	100000.0	100000	100000	0.01	scaffold
T2T09	haplotype2-0000091	chr12	133920674	0	133324548	133920674	0	0	0.0	0	0	0.0	contig
T2T09	haplotype2-0000086	chr16	94328221	14966	96330374	94328221	1	14966	14966.0	14966	14966	0.01	scaffold
T2T09	haplotype2-0000088	chr17	82758906	197102	84276897	82758906	6	197102	32850.3	76641	1500	0.07	scaffold
T2T09	haplotype1-0000013	chr18	81744531	207500	80542538	81744531	3	207500	69166.7	100000	7500	0.04	scaffold
T2T09	haplotype2-0000106	chr18	79923053	100000	80542538	79923053	1	100000	100000.0	100000	100000	0.01	scaffold
T2T09	haplotype1-0000028	chr19	61235359	7500	61707364	61235359	1	7500	7500.0	7500	7500	0.02	scaffold
T2T09	haplotype1-0000017	chr2	241765559	7500	242696752	241765559	1	7500	7500.0	7500	7500	0.0	scaffold
T2T09	haplotype2-0000098	chr2	243409924	0	242696752	243409924	0	0	0.0	0	0	0.0	contig
T2T09	haplotype1-0000002	chr20	66968696	9000	66210255	66968696	2	9000	4500.0	7500	1500	0.03	scaffold
T2T09	haplotype2-0000095	chr20	65909421	0	66210255	65909421	0	0	0.0	0	0	0.0	contig
T2T09	haplotype1-0000015	chr3	200744548	16500	201105948	200744548	3	16500	5500.0	7500	1500	0.01	scaffold
T2T09	haplotype1-0000001	chr4	192917987	0	193574945	192917987	0	0	0.0	0	0	0.0	contig
T2T09	haplotype2-0000085	chr4	194848588	100000	193574945	194848588	1	100000	100000.0	100000	100000	0.01	scaffold
T2T09	haplotype1-0000024	chr5	181707746	15000	182045439	181707746	2	15000	7500.0	7500	7500	0.01	scaffold
T2T09	haplotype2-0000107	chr5	182531062	100000	182045439	182531062	1	100000	100000.0	100000	100000	0.01	scaffold
T2T09	haplotype1-0000005	chr6	171720931	7500	172126628	171720931	1	7500	7500.0	7500	7500	0.01	scaffold
T2T09	haplotype2-0000090	chr6	171321412	107500	172126628	171321412	2	107500	53750.0	100000	7500	0.01	scaffold
T2T09	haplotype1-0000025	chr7	161336277	7500	160567428	161336277	1	7500	7500.0	7500	7500	0.01	scaffold
T2T09	haplotype1-0000020	chr8	145664414	0	146259331	145664414	0	0	0.0	0	0	0.0	contig
T2T09	haplotype2-0000099	chr8	146047862	387867	146259331	146047862	4	387867	96966.8	100000	87867	0.03	scaffold
T2T09	haplotype2-0000113	chrX	154784937	0	154259566	154784937	0	0	0.0	0	0	0.0	contig
T2T09	haplotype1-0000018	chrY	41975848	101500	62460029	41975848	2	101500	50750.0	100000	1500	0.05	scaffold
T2T10	haplotype1-0000009	chr11	134321648	122500	135127769	134321648	4	122500	30625.0	100000	7500	0.03	scaffold
T2T10	haplotype2-0000176	chr11	136072405	315000	135127769	136072405	5	315000	63000.0	100000	7500	0.04	scaffold
T2T10	haplotype1-0000004	chr12	134078149	302573	133324548	134078149	4	302573	75643.2	100000	52496	0.03	scaffold
T2T10	haplotype2-0000166	chr12	135063303	167496	133324548	135063303	4	167496	41874.0	100000	7500	0.03	scaffold
T2T10	haplotype2-0000195	chr14	100748947	101500	101161492	100748947	2	101500	50750.0	100000	1500	0.02	scaffold
T2T10	haplotype1-0000027	chr17	81806711	191184	84276897	81806711	2	191184	95592.0	100000	91184	0.02	scaffold
T2T10	haplotype2-0000190	chr17	83922265	217792	84276897	83922265	5	217792	43558.4	100000	2792	0.06	scaffold
T2T10	haplotype1-0000025	chr18	80622811	3000	80542538	80622811	2	3000	1500.0	1500	1500	0.02	scaffold
T2T10	haplotype2-0000181	chr18	78695671	107500	80542538	78695671	2	107500	53750.0	100000	7500	0.03	scaffold
T2T10	haplotype1-0000002	chr19	61366009	217776	61707364	61366009	3	217776	72592.0	100000	17776	0.05	scaffold
T2T10	haplotype1-0000030	chr2	243078873	24000	242696752	243078873	4	24000	6000.0	7500	1500	0.02	scaffold
T2T10	haplotype2-0000193	chr2	242757857	141526	242696752	242757857	2	141526	70763.0	100000	41526	0.01	scaffold
T2T10	haplotype1-0000032	chr20	63343529	92997	66210255	63343529	1	92997	92997.0	92997	92997	0.02	scaffold
T2T10	haplotype2-0000162	chr20	66444898	100000	66210255	66444898	1	100000	100000.0	100000	100000	0.02	scaffold
T2T10	haplotype1-0000013	chr3	202436611	109000	201105948	202436611	3	109000	36333.3	100000	1500	0.01	scaffold
T2T10	haplotype2-0000179	chr3	202307206	216012	201105948	202307206	7	216012	30858.9	100000	1500	0.03	scaffold
T2T10	haplotype1-0000029	chr4	192977477	109000	193574945	192977477	3	109000	36333.3	100000	1500	0.02	scaffold
T2T10	haplotype2-0000194	chr4	192735999	220048	193574945	192735999	9	220048	24449.8	100000	1500	0.05	scaffold
T2T10	haplotype2-0000185	chr5	183265629	26217	182045439	183265629	5	26217	5243.4	7500	1500	0.03	scaffold
T2T10	haplotype1-0000028	chr6	171603162	109000	172126628	171603162	3	109000	36333.3	100000	1500	0.02	scaffold
T2T10	haplotype2-0000189	chr6	170475265	42736	172126628	170475265	2	42736	21368.0	35236	7500	0.01	scaffold
T2T10	haplotype1-0000024	chr7	160048537	416500	160567428	160048537	7	416500	59500.0	100000	1500	0.04	scaffold
T2T10	haplotype2-0000180	chr7	160325126	116500	160567428	160325126	4	116500	29125.0	100000	1500	0.02	scaffold
T2T10	haplotype1-0000036	chr8	145357114	101500	146259331	145357114	2	101500	50750.0	100000	1500	0.01	scaffold
T2T10	haplotype2-0000198	chr8	145814829	143499	146259331	145814829	5	143499	28699.8	100000	1500	0.03	scaffold
T2T10	haplotype1-0000020	chrX	153667981	122500	154259566	153667981	4	122500	30625.0	100000	7500	0.03	scaffold
T2T10	haplotype2-0000170	chrX	154932243	25500	154259566	154932243	5	25500	5100.0	7500	1500	0.03	scaffold
T2T11	haplotype1-0000012	chr10	135309922	200000	134758134	135309922	2	200000	100000.0	100000	100000	0.01	scaffold
T2T11	haplotype2-0000190	chr10	134081712	107500	134758134	134081712	2	107500	53750.0	100000	7500	0.01	scaffold
T2T11	haplotype1-0000015	chr11	134239582	7500	135127769	134239582	1	7500	7500.0	7500	7500	0.01	scaffold
T2T11	haplotype2-0000193	chr11	135508180	7500	135127769	135508180	1	7500	7500.0	7500	7500	0.01	scaffold
T2T11	haplotype1-0000019	chr12	133674677	83222	133324548	133674677	3	83222	27740.7	68222	7500	0.02	scaffold
T2T11	haplotype2-0000198	chr12	133471595	0	133324548	133471595	0	0	0.0	0	0	0.0	contig
T2T11	haplotype1-0000029	chr16	94151111	603845	96330374	94151111	10	603845	60384.5	100000	1500	0.11	scaffold
T2T11	haplotype2-0000196	chr16	94043348	107500	96330374	94043348	2	107500	53750.0	100000	7500	0.02	scaffold
T2T11	haplotype1-0000014	chr17	84229348	15000	84276897	84229348	2	15000	7500.0	7500	7500	0.02	scaffold
T2T11	haplotype2-0000191	chr17	83133148	0	84276897	83133148	0	0	0.0	0	0	0.0	contig
T2T11	haplotype1-0000018	chr18	79750115	107500	80542538	79750115	2	107500	53750.0	100000	7500	0.03	scaffold
T2T11	haplotype2-0000197	chr18	78755723	15000	80542538	78755723	2	15000	7500.0	7500	7500	0.03	scaffold
T2T11	haplotype1-0000010	chr2	241280058	15000	242696752	241280058	2	15000	7500.0	7500	7500	0.01	scaffold
T2T11	haplotype2-0000187	chr2	242480678	5080	242696752	242480678	1	5080	5080.0	5080	5080	0.0	scaffold
T2T11	haplotype1-0000017	chr20	66260056	7500	66210255	66260056	1	7500	7500.0	7500	7500	0.02	scaffold
T2T11	haplotype2-0000192	chr20	68575204	0	66210255	68575204	0	0	0.0	0	0	0.0	contig
T2T11	haplotype1-0000026	chr3	201119679	7500	201105948	201119679	1	7500	7500.0	7500	7500	0.0	scaffold
T2T11	haplotype2-0000208	chr3	204453149	7500	201105948	204453149	1	7500	7500.0	7500	7500	0.0	scaffold
T2T11	haplotype1-0000013	chr4	192238129	7500	193574945	192238129	1	7500	7500.0	7500	7500	0.01	scaffold
T2T11	haplotype2-0000189	chr4	191811029	100000	193574945	191811029	1	100000	100000.0	100000	100000	0.01	scaffold
T2T11	haplotype1-0000003	chr5	183266363	100000	182045439	183266363	1	100000	100000.0	100000	100000	0.01	scaffold
T2T11	haplotype2-0000173	chr5	182860674	15000	182045439	182860674	2	15000	7500.0	7500	7500	0.01	scaffold
T2T11	haplotype1-0000020	chr6	171538981	16500	172126628	171538981	3	16500	5500.0	7500	1500	0.02	scaffold
T2T11	haplotype2-0000199	chr6	172614864	0	172126628	172614864	0	0	0.0	0	0	0.0	contig
T2T11	haplotype1-0000021	chr7	160062611	122500	160567428	160062611	4	122500	30625.0	100000	7500	0.02	scaffold
T2T11	haplotype2-0000203	chr7	160986453	0	160567428	160986453	0	0	0.0	0	0	0.0	contig
T2T11	haplotype1-0000025	chr8	145849880	47918	146259331	145849880	3	47918	15972.7	38918	1500	0.02	scaffold
T2T11	haplotype2-0000194	chr8	146190977	222500	146259331	146190977	5	222500	44500.0	100000	7500	0.03	scaffold
T2T11	haplotype2-0000202	chr9	138532998	1736	150617247	138532998	1	1736	1736.0	1736	1736	0.01	scaffold
T2T11	haplotype2-0000186	chrX	154828790	122500	154259566	154828790	4	122500	30625.0	100000	7500	0.03	scaffold
T2T12	haplotype1-0000024	chr1	243520935	0	248387328	243520935	0	0	0.0	0	0	0.0	contig
T2T12	haplotype2-0000060	chr1	253461305	7500	248387328	253461305	1	7500	7500.0	7500	7500	0.0	scaffold
T2T12	haplotype1-0000004	chr10	135684837	0	134758134	135684837	0	0	0.0	0	0	0.0	contig
T2T12	haplotype2-0000042	chr10	134464349	0	134758134	134464349	0	0	0.0	0	0	0.0	contig
T2T12	haplotype1-0000008	chr11	135400523	0	135127769	135400523	0	0	0.0	0	0	0.0	contig
T2T12	haplotype2-0000049	chr11	134312682	0	135127769	134312682	0	0	0.0	0	0	0.0	contig
T2T12	haplotype1-0000015	chr12	135377645	0	133324548	135377645	0	0	0.0	0	0	0.0	contig
T2T12	haplotype2-0000053	chr12	133870740	0	133324548	133870740	0	0	0.0	0	0	0.0	contig
T2T12	haplotype2-0000058	chr14	100825924	100000	101161492	100825924	1	100000	100000.0	100000	100000	0.01	scaffold
T2T12	haplotype1-0000023	chr15	103201243	100000	99753195	103201243	1	100000	100000.0	100000	100000	0.01	scaffold
T2T12	haplotype2-0000059	chr15	94563127	115000	99753195	94563127	3	115000	38333.3	100000	7500	0.03	scaffold
T2T12	haplotype1-0000017	chr16	86380018	0	96330374	86380018	0	0	0.0	0	0	0.0	contig
T2T12	haplotype2-0000055	chr16	91733475	7500	96330374	91733475	1	7500	7500.0	7500	7500	0.01	scaffold
T2T12	haplotype1-0000006	chr17	82766066	0	84276897	82766066	0	0	0.0	0	0	0.0	contig
T2T12	haplotype2-0000044	chr17	83647025	0	84276897	83647025	0	0	0.0	0	0	0.0	contig
T2T12	haplotype1-0000005	chr18	81595731	0	80542538	81595731	0	0	0.0	0	0	0.0	contig
T2T12	haplotype2-0000043	chr18	80199702	0	80542538	80199702	0	0	0.0	0	0	0.0	contig
T2T12	haplotype1-0000014	chr19	59513124	0	61707364	59513124	0	0	0.0	0	0	0.0	contig
T2T12	haplotype2-0000052	chr19	61785709	0	61707364	61785709	0	0	0.0	0	0	0.0	contig
T2T12	haplotype1-0000013	chr2	242544812	7500	242696752	242544812	1	7500	7500.0	7500	7500	0.0	scaffold
T2T12	haplotype2-0000051	chr2	242254737	0	242696752	242254737	0	0	0.0	0	0	0.0	contig
T2T12	haplotype1-0000003	chr20	65408896	0	66210255	65408896	0	0	0.0	0	0	0.0	contig
T2T12	haplotype2-0000038	chr20	66298202	0	66210255	66298202	0	0	0.0	0	0	0.0	contig
T2T12	haplotype2-0000056	chr21	42390184	100000	45090682	42390184	1	100000	100000.0	100000	100000	0.02	scaffold
T2T12	haplotype2-0000048	chr22	47904914	7500	51324926	47904914	1	7500	7500.0	7500	7500	0.02	scaffold
T2T12	haplotype1-0000020	chr3	200132787	7500	201105948	200132787	1	7500	7500.0	7500	7500	0.0	scaffold
T2T12	haplotype2-0000050	chr3	203197285	7500	201105948	203197285	1	7500	7500.0	7500	7500	0.0	scaffold
T2T12	haplotype1-0000002	chr4	191311526	0	193574945	191311526	0	0	0.0	0	0	0.0	contig
T2T12	haplotype2-0000041	chr4	190454604	0	193574945	190454604	0	0	0.0	0	0	0.0	contig
T2T12	haplotype1-0000009	chr5	185030355	22162	182045439	185030355	1	22162	22162.0	22162	22162	0.01	scaffold
T2T12	haplotype2-0000045	chr5	183248336	0	182045439	183248336	0	0	0.0	0	0	0.0	contig
T2T12	haplotype1-0000001	chr6	172250781	7500	172126628	172250781	1	7500	7500.0	7500	7500	0.01	scaffold
T2T12	haplotype2-0000039	chr6	172186643	0	172126628	172186643	0	0	0.0	0	0	0.0	contig
T2T12	haplotype1-0000021	chr7	160641161	0	160567428	160641161	0	0	0.0	0	0	0.0	contig
T2T12	haplotype2-0000040	chr7	160350743	0	160567428	160350743	0	0	0.0	0	0	0.0	contig
T2T12	haplotype1-0000011	chr8	146560994	0	146259331	146560994	0	0	0.0	0	0	0.0	contig
T2T12	haplotype2-0000047	chr8	146776507	0	146259331	146776507	0	0	0.0	0	0	0.0	contig
T2T12	haplotype1-0000010	chr9	131607630	0	150617247	131607630	0	0	0.0	0	0	0.0	contig
T2T12	haplotype2-0000046	chr9	135834630	7500	150617247	135834630	1	7500	7500.0	7500	7500	0.01	scaffold
T2T12	haplotype1-0000016	chrX	154738906	0	154259566	154738906	0	0	0.0	0	0	0.0	contig
T2T12	haplotype2-0000054	chrX	154391883	7500	154259566	154391883	1	7500	7500.0	7500	7500	0.01	scaffold
T2T13	haplotype1-0000005	chr1	250271348	75390	248387328	250271348	10	75390	7539.0	46596	1500	0.04	scaffold
T2T13	haplotype2-0000081	chr1	248992217	22500	248387328	248992217	3	22500	7500.0	7500	7500	0.01	scaffold
T2T13	haplotype1-0000015	chr10	136614819	0	134758134	136614819	0	0	0.0	0	0	0.0	contig
T2T13	haplotype2-0000066	chr10	136588959	0	134758134	136588959	0	0	0.0	0	0	0.0	contig
T2T13	haplotype1-0000006	chr11	135933991	7500	135127769	135933991	1	7500	7500.0	7500	7500	0.01	scaffold
T2T13	haplotype2-0000064	chr11	134477033	7500	135127769	134477033	1	7500	7500.0	7500	7500	0.01	scaffold
T2T13	haplotype1-0000008	chr12	133811342	0	133324548	133811342	0	0	0.0	0	0	0.0	contig
T2T13	haplotype2-0000076	chr12	133546671	0	133324548	133546671	0	0	0.0	0	0	0.0	contig
T2T13	haplotype1-0000010	chr15	98354156	204004	99753195	98354156	3	204004	68001.3	100000	7500	0.03	scaffold
T2T13	haplotype1-0000022	chr16	90973850	1500	96330374	90973850	1	1500	1500.0	1500	1500	0.01	scaffold
T2T13	haplotype2-0000084	chr16	90842583	18852	96330374	90842583	1	18852	18852.0	18852	18852	0.01	scaffold
T2T13	haplotype1-0000018	chr17	83161726	9000	84276897	83161726	2	9000	4500.0	7500	1500	0.02	scaffold
T2T13	haplotype2-0000079	chr17	84673538	9000	84276897	84673538	2	9000	4500.0	7500	1500	0.02	scaffold
T2T13	haplotype1-0000007	chr18	79969374	0	80542538	79969374	0	0	0.0	0	0	0.0	contig
T2T13	haplotype2-0000088	chr18	78267439	0	80542538	78267439	0	0	0.0	0	0	0.0	contig
T2T13	haplotype1-0000021	chr19	61750380	0	61707364	61750380	0	0	0.0	0	0	0.0	contig
T2T13	haplotype2-0000080	chr19	61188998	7500	61707364	61188998	1	7500	7500.0	7500	7500	0.02	scaffold
T2T13	haplotype1-0000025	chr2	242380047	0	242696752	242380047	0	0	0.0	0	0	0.0	contig
T2T13	haplotype2-0000067	chr2	241846985	0	242696752	241846985	0	0	0.0	0	0	0.0	contig
T2T13	haplotype1-0000004	chr20	65665022	60868	66210255	65665022	1	60868	60868.0	60868	60868	0.02	scaffold
T2T13	haplotype2-0000063	chr20	68556411	0	66210255	68556411	0	0	0.0	0	0	0.0	contig
T2T13	haplotype1-0000002	chr22	48778448	107500	51324926	48778448	2	107500	53750.0	100000	7500	0.04	scaffold
T2T13	haplotype2-0000074	chr22	47947314	100000	51324926	47947314	1	100000	100000.0	100000	100000	0.02	scaffold
T2T13	haplotype1-0000016	chr3	199552244	0	201105948	199552244	0	0	0.0	0	0	0.0	contig
T2T13	haplotype2-0000077	chr3	200353512	0	201105948	200353512	0	0	0.0	0	0	0.0	contig
T2T13	haplotype1-0000023	chr4	191189136	0	193574945	191189136	0	0	0.0	0	0	0.0	contig
T2T13	haplotype2-0000070	chr4	194814221	7500	193574945	194814221	1	7500	7500.0	7500	7500	0.01	scaffold
T2T13	haplotype1-0000011	chr5	182895846	0	182045439	182895846	0	0	0.0	0	0	0.0	contig
T2T13	haplotype2-0000071	chr5	182870169	67030	182045439	182870169	2	67030	33515.0	59530	7500	0.01	scaffold
T2T13	haplotype1-0000014	chr6	172455371	0	172126628	172455371	0	0	0.0	0	0	0.0	contig
T2T13	haplotype2-0000073	chr6	173065735	0	172126628	173065735	0	0	0.0	0	0	0.0	contig
T2T13	haplotype1-0000012	chr7	161269342	7500	160567428	161269342	1	7500	7500.0	7500	7500	0.01	scaffold
T2T13	haplotype2-0000072	chr7	160871283	107500	160567428	160871283	2	107500	53750.0	100000	7500	0.01	scaffold
T2T13	haplotype1-0000009	chr8	145253291	0	146259331	145253291	0	0	0.0	0	0	0.0	contig
T2T13	haplotype2-0000068	chr8	145965060	7500	146259331	145965060	1	7500	7500.0	7500	7500	0.01	scaffold
T2T13	haplotype1-0000003	chrX	155499359	1500	154259566	155499359	1	1500	1500.0	1500	1500	0.01	scaffold
T2T13	haplotype2-0000062	chrX	155029929	1500	154259566	155029929	1	1500	1500.0	1500	1500	0.01	scaffold
T2T15	haplotype1-0000022	chr1	255731175	385894	248387328	255731175	7	385894	55127.7	100000	7500	0.03	scaffold
T2T15	haplotype2-0000060	chr1	242288784	70750	248387328	242288784	2	70750	35375.0	63250	7500	0.01	scaffold
T2T15	haplotype1-0000003	chr10	135216087	0	134758134	135216087	0	0	0.0	0	0	0.0	contig
T2T15	haplotype2-0000056	chr10	134842518	0	134758134	134842518	0	0	0.0	0	0	0.0	contig
T2T15	haplotype1-0000007	chr11	134895989	0	135127769	134895989	0	0	0.0	0	0	0.0	contig
T2T15	haplotype2-0000053	chr11	134447749	0	135127769	134447749	0	0	0.0	0	0	0.0	contig
T2T15	haplotype1-0000014	chr12	133834086	7500	133324548	133834086	1	7500	7500.0	7500	7500	0.01	scaffold
T2T15	haplotype2-0000064	chr12	133275980	0	133324548	133275980	0	0	0.0	0	0	0.0	contig
T2T15	haplotype1-0000018	chr16	93634749	0	96330374	93634749	0	0	0.0	0	0	0.0	contig
T2T15	haplotype2-0000068	chr16	92448911	0	96330374	92448911	0	0	0.0	0	0	0.0	contig
T2T15	haplotype1-0000017	chr17	81203333	7500	84276897	81203333	1	7500	7500.0	7500	7500	0.01	scaffold
T2T15	haplotype2-0000067	chr17	83250129	7500	84276897	83250129	1	7500	7500.0	7500	7500	0.01	scaffold
T2T15	haplotype1-0000012	chr18	80358523	0	80542538	80358523	0	0	0.0	0	0	0.0	contig
T2T15	haplotype2-0000062	chr18	80194949	0	80542538	80194949	0	0	0.0	0	0	0.0	contig
T2T15	haplotype1-0000015	chr19	61132366	0	61707364	61132366	0	0	0.0	0	0	0.0	contig
T2T15	haplotype2-0000065	chr19	60975374	0	61707364	60975374	0	0	0.0	0	0	0.0	contig
T2T15	haplotype1-0000009	chr2	242556353	7500	242696752	242556353	1	7500	7500.0	7500	7500	0.0	scaffold
T2T15	haplotype2-0000059	chr2	242650441	7500	242696752	242650441	1	7500	7500.0	7500	7500	0.0	scaffold
T2T15	haplotype1-0000005	chr20	65958011	7500	66210255	65958011	1	7500	7500.0	7500	7500	0.02	scaffold
T2T15	haplotype2-0000050	chr20	66877761	100000	66210255	66877761	1	100000	100000.0	100000	100000	0.01	scaffold
T2T15	haplotype1-0000016	chr3	201679769	100000	201105948	201679769	1	100000	100000.0	100000	100000	0.0	scaffold
T2T15	haplotype2-0000066	chr3	200126704	0	201105948	200126704	0	0	0.0	0	0	0.0	contig
T2T15	haplotype1-0000008	chr4	192115337	0	193574945	192115337	0	0	0.0	0	0	0.0	contig
T2T15	haplotype2-0000054	chr4	192693182	7500	193574945	192693182	1	7500	7500.0	7500	7500	0.01	scaffold
T2T15	haplotype1-0000004	chr5	182043364	7500	182045439	182043364	1	7500	7500.0	7500	7500	0.01	scaffold
T2T15	haplotype2-0000051	chr5	182286870	7500	182045439	182286870	1	7500	7500.0	7500	7500	0.01	scaffold
T2T15	haplotype1-0000011	chr6	171994906	0	172126628	171994906	0	0	0.0	0	0	0.0	contig
T2T15	haplotype2-0000061	chr6	171216010	0	172126628	171216010	0	0	0.0	0	0	0.0	contig
T2T15	haplotype1-0000010	chr7	160662010	0	160567428	160662010	0	0	0.0	0	0	0.0	contig
T2T15	haplotype2-0000072	chr7	162220175	0	160567428	162220175	0	0	0.0	0	0	0.0	contig
T2T15	haplotype1-0000013	chr8	145932918	0	146259331	145932918	0	0	0.0	0	0	0.0	contig
T2T15	haplotype2-0000063	chr8	145417797	0	146259331	145417797	0	0	0.0	0	0	0.0	contig
T2T15	haplotype1-0000019	chr9	136666823	0	150617247	136666823	0	0	0.0	0	0	0.0	contig
T2T15	haplotype2-0000069	chr9	138847497	0	150617247	138847497	0	0	0.0	0	0	0.0	contig
T2T15	haplotype1-0000020	chrX	154670708	7500	154259566	154670708	1	7500	7500.0	7500	7500	0.01	scaffold
T2T15	haplotype2-0000070	chrX	155015268	0	154259566	155015268	0	0	0.0	0	0	0.0	contig
T2T16	haplotype1-0000022	chr1	244986278	15000	248387328	244986278	2	15000	7500.0	7500	7500	0.01	scaffold
T2T16	haplotype2-0000089	chr1	248931459	107500	248387328	248931459	2	107500	53750.0	100000	7500	0.01	scaffold
T2T16	haplotype1-0000015	chr10	135058175	0	134758134	135058175	0	0	0.0	0	0	0.0	contig
T2T16	haplotype2-0000093	chr10	135514022	7500	134758134	135514022	1	7500	7500.0	7500	7500	0.01	scaffold
T2T16	haplotype1-0000007	chr11	134664635	0	135127769	134664635	0	0	0.0	0	0	0.0	contig
T2T16	haplotype2-0000080	chr11	133902632	0	135127769	133902632	0	0	0.0	0	0	0.0	contig
T2T16	haplotype1-0000019	chr12	133800726	7500	133324548	133800726	1	7500	7500.0	7500	7500	0.01	scaffold
T2T16	haplotype2-0000096	chr12	131583875	0	133324548	131583875	0	0	0.0	0	0	0.0	contig
T2T16	haplotype2-0000088	chr14	101855188	107500	101161492	101855188	2	107500	53750.0	100000	7500	0.02	scaffold
T2T16	haplotype1-0000014	chr16	92453781	115000	96330374	92453781	3	115000	38333.3	100000	7500	0.03	scaffold
T2T16	haplotype2-0000092	chr16	91671742	7500	96330374	91671742	1	7500	7500.0	7500	7500	0.01	scaffold
T2T16	haplotype1-0000006	chr17	83882411	7500	84276897	83882411	1	7500	7500.0	7500	7500	0.01	scaffold
T2T16	haplotype2-0000079	chr17	84304926	107500	84276897	84304926	2	107500	53750.0	100000	7500	0.02	scaffold
T2T16	haplotype1-0000002	chr18	81050200	7500	80542538	81050200	1	7500	7500.0	7500	7500	0.01	scaffold
T2T16	haplotype2-0000075	chr18	81573799	107500	80542538	81573799	2	107500	53750.0	100000	7500	0.02	scaffold
T2T16	haplotype1-0000013	chr19	60581363	7500	61707364	60581363	1	7500	7500.0	7500	7500	0.02	scaffold
T2T16	haplotype2-0000090	chr19	61828194	15000	61707364	61828194	2	15000	7500.0	7500	7500	0.03	scaffold
T2T16	haplotype1-0000010	chr2	242740364	100000	242696752	242740364	1	100000	100000.0	100000	100000	0.0	scaffold
T2T16	haplotype2-0000085	chr2	242539552	0	242696752	242539552	0	0	0.0	0	0	0.0	contig
T2T16	haplotype1-0000005	chr20	65454469	100000	66210255	65454469	1	100000	100000.0	100000	100000	0.02	scaffold
T2T16	haplotype2-0000076	chr20	67533971	15000	66210255	67533971	2	15000	7500.0	7500	7500	0.03	scaffold
T2T16	haplotype2-0000077	chr22	48063621	0	51324926	48063621	0	0	0.0	0	0	0.0	contig
T2T16	haplotype1-0000017	chr3	201109598	7500	201105948	201109598	1	7500	7500.0	7500	7500	0.0	scaffold
T2T16	haplotype2-0000094	chr3	201093721	22500	201105948	201093721	3	22500	7500.0	7500	7500	0.01	scaffold
T2T16	haplotype1-0000008	chr4	192390055	15000	193574945	192390055	2	15000	7500.0	7500	7500	0.01	scaffold
T2T16	haplotype2-0000084	chr4	191610790	7500	193574945	191610790	1	7500	7500.0	7500	7500	0.01	scaffold
T2T16	haplotype1-0000024	chr5	182887028	0	182045439	182887028	0	0	0.0	0	0	0.0	contig
T2T16	haplotype2-0000100	chr5	181984045	15000	182045439	181984045	2	15000	7500.0	7500	7500	0.01	scaffold
T2T16	haplotype1-0000018	chr6	172233509	166222	172126628	172233509	3	166222	55407.3	100000	7500	0.02	scaffold
T2T16	haplotype2-0000095	chr6	171877184	0	172126628	171877184	0	0	0.0	0	0	0.0	contig
T2T16	haplotype1-0000021	chr7	159869723	100000	160567428	159869723	1	100000	100000.0	100000	100000	0.01	scaffold
T2T16	haplotype2-0000103	chr7	160621310	135300	160567428	160621310	4	135300	33825.0	75718	7500	0.02	scaffold
T2T16	haplotype1-0000004	chr8	146909154	100000	146259331	146909154	1	100000	100000.0	100000	100000	0.01	scaffold
T2T16	haplotype2-0000078	chr8	146751102	215000	146259331	146751102	4	215000	53750.0	100000	7500	0.03	scaffold
T2T16	haplotype1-0000011	chr9	136043257	215000	150617247	136043257	4	215000	53750.0	100000	7500	0.03	scaffold
T2T16	haplotype2-0000087	chr9	136168108	54471	150617247	136168108	1	54471	54471.0	54471	54471	0.01	scaffold
T2T16	haplotype1-0000009	chrX	155306337	100000	154259566	155306337	1	100000	100000.0	100000	100000	0.01	scaffold
T2T16	haplotype2-0000097	chrX	154030382	76143	154259566	154030382	3	76143	25381.0	61143	7500	0.02	scaffold
T2T17	haplotype1-0000015	chr1	254014194	786898	248387328	254014194	14	786898	56207.0	100000	1500	0.06	scaffold
T2T17	haplotype2-0000067	chr1	255880862	0	248387328	255880862	0	0	0.0	0	0	0.0	contig
T2T17	haplotype1-0000013	chr10	135333788	0	134758134	135333788	0	0	0.0	0	0	0.0	contig
T2T17	haplotype2-0000077	chr10	134622874	1500	134758134	134622874	1	1500	1500.0	1500	1500	0.01	scaffold
T2T17	haplotype1-0000009	chr11	134954485	0	135127769	134954485	0	0	0.0	0	0	0.0	contig
T2T17	haplotype2-0000073	chr11	134844613	15000	135127769	134844613	2	15000	7500.0	7500	7500	0.01	scaffold
T2T17	haplotype1-0000010	chr12	133583567	0	133324548	133583567	0	0	0.0	0	0	0.0	contig
T2T17	haplotype2-0000074	chr12	133988626	0	133324548	133988626	0	0	0.0	0	0	0.0	contig
T2T17	haplotype2-0000078	chr14	102520442	100000	101161492	102520442	1	100000	100000.0	100000	100000	0.01	scaffold
T2T17	haplotype1-0000021	chr16	92820320	0	96330374	92820320	0	0	0.0	0	0	0.0	contig
T2T17	haplotype2-0000081	chr16	88019858	7500	96330374	88019858	1	7500	7500.0	7500	7500	0.01	scaffold
T2T17	haplotype1-0000001	chr17	83476071	0	84276897	83476071	0	0	0.0	0	0	0.0	contig
T2T17	haplotype2-0000061	chr17	85127054	0	84276897	85127054	0	0	0.0	0	0	0.0	contig
T2T17	haplotype1-0000005	chr18	82121452	0	80542538	82121452	0	0	0.0	0	0	0.0	contig
T2T17	haplotype2-0000063	chr18	78022720	0	80542538	78022720	0	0	0.0	0	0	0.0	contig
T2T17	haplotype1-0000012	chr19	62070876	0	61707364	62070876	0	0	0.0	0	0	0.0	contig
T2T17	haplotype2-0000076	chr19	63674228	0	61707364	63674228	0	0	0.0	0	0	0.0	contig
T2T17	haplotype1-0000007	chr2	242374290	0	242696752	242374290	0	0	0.0	0	0	0.0	contig
T2T17	haplotype2-0000071	chr2	242710661	0	242696752	242710661	0	0	0.0	0	0	0.0	contig
T2T17	haplotype1-0000019	chr20	65903958	0	66210255	65903958	0	0	0.0	0	0	0.0	contig
T2T17	haplotype2-0000080	chr20	65925068	0	66210255	65925068	0	0	0.0	0	0	0.0	contig
T2T17	haplotype1-0000023	chr21	42864572	100000	45090682	42864572	1	100000	100000.0	100000	100000	0.02	scaffold
T2T17	haplotype2-0000068	chr21	42897882	7500	45090682	42897882	1	7500	7500.0	7500	7500	0.02	scaffold
T2T17	haplotype1-0000006	chr3	200604915	0	201105948	200604915	0	0	0.0	0	0	0.0	contig
T2T17	haplotype2-0000069	chr3	200837806	0	201105948	200837806	0	0	0.0	0	0	0.0	contig
T2T17	haplotype1-0000008	chr4	192457734	79040	193574945	192457734	1	79040	79040.0	79040	79040	0.01	scaffold
T2T17	haplotype2-0000072	chr4	192170308	0	193574945	192170308	0	0	0.0	0	0	0.0	contig
T2T17	haplotype1-0000002	chr5	180908008	0	182045439	180908008	0	0	0.0	0	0	0.0	contig
T2T17	haplotype2-0000062	chr5	182004175	0	182045439	182004175	0	0	0.0	0	0	0.0	contig
T2T17	haplotype1-0000024	chr6	171822372	0	172126628	171822372	0	0	0.0	0	0	0.0	contig
T2T17	haplotype2-0000083	chr6	171061705	0	172126628	171061705	0	0	0.0	0	0	0.0	contig
T2T17	haplotype1-0000017	chr7	160258224	0	160567428	160258224	0	0	0.0	0	0	0.0	contig
T2T17	haplotype2-0000070	chr7	162162702	0	160567428	162162702	0	0	0.0	0	0	0.0	contig
T2T17	haplotype1-0000016	chr8	146560805	0	146259331	146560805	0	0	0.0	0	0	0.0	contig
T2T17	haplotype2-0000079	chr8	147243098	0	146259331	147243098	0	0	0.0	0	0	0.0	contig
T2T17	haplotype1-0000003	chr9	139015518	0	150617247	139015518	0	0	0.0	0	0	0.0	contig
T2T17	haplotype2-0000064	chr9	134088563	0	150617247	134088563	0	0	0.0	0	0	0.0	contig
T2T17	haplotype2-0000066	chrX	154289077	0	154259566	154289077	0	0	0.0	0	0	0.0	contig
T2T17	haplotype1-0000020	chrY	53249820	0	62460029	53249820	0	0	0.0	0	0	0.0	contig
T2T18	haplotype1-0000022	chr1	252960563	107500	248387328	252960563	2	107500	53750.0	100000	7500	0.01	scaffold
T2T18	haplotype2-0000060	chr1	250338572	0	248387328	250338572	0	0	0.0	0	0	0.0	contig
T2T18	haplotype1-0000013	chr10	135646375	0	134758134	135646375	0	0	0.0	0	0	0.0	contig
T2T18	haplotype2-0000052	chr10	134614186	0	134758134	134614186	0	0	0.0	0	0	0.0	contig
T2T18	haplotype1-0000002	chr11	134197894	0	135127769	134197894	0	0	0.0	0	0	0.0	contig
T2T18	haplotype2-0000041	chr11	135318588	0	135127769	135318588	0	0	0.0	0	0	0.0	contig
T2T18	haplotype1-0000008	chr12	133434546	0	133324548	133434546	0	0	0.0	0	0	0.0	contig
T2T18	haplotype2-0000047	chr12	133643654	0	133324548	133643654	0	0	0.0	0	0	0.0	contig
T2T18	haplotype1-0000017	chr14	98708708	107500	101161492	98708708	2	107500	53750.0	100000	7500	0.02	scaffold
T2T18	haplotype1-0000003	chr15	97866894	0	99753195	97866894	0	0	0.0	0	0	0.0	contig
T2T18	haplotype2-0000042	chr15	98764474	100000	99753195	98764474	1	100000	100000.0	100000	100000	0.01	scaffold
T2T18	haplotype1-0000015	chr16	93300507	100000	96330374	93300507	1	100000	100000.0	100000	100000	0.01	scaffold
T2T18	haplotype2-0000055	chr16	92040735	0	96330374	92040735	0	0	0.0	0	0	0.0	contig
T2T18	haplotype1-0000007	chr17	83241443	0	84276897	83241443	0	0	0.0	0	0	0.0	contig
T2T18	haplotype2-0000046	chr17	83031112	7500	84276897	83031112	1	7500	7500.0	7500	7500	0.01	scaffold
T2T18	haplotype1-0000014	chr18	80919833	0	80542538	80919833	0	0	0.0	0	0	0.0	contig
T2T18	haplotype2-0000054	chr18	80600395	0	80542538	80600395	0	0	0.0	0	0	0.0	contig
T2T18	haplotype1-0000004	chr19	61048752	0	61707364	61048752	0	0	0.0	0	0	0.0	contig
T2T18	haplotype2-0000043	chr19	61542504	7500	61707364	61542504	1	7500	7500.0	7500	7500	0.02	scaffold
T2T18	haplotype1-0000021	chr2	242371016	0	242696752	242371016	0	0	0.0	0	0	0.0	contig
T2T18	haplotype2-0000058	chr2	242409926	0	242696752	242409926	0	0	0.0	0	0	0.0	contig
T2T18	haplotype1-0000020	chr20	66721334	0	66210255	66721334	0	0	0.0	0	0	0.0	contig
T2T18	haplotype2-0000063	chr20	67538812	0	66210255	67538812	0	0	0.0	0	0	0.0	contig
T2T18	haplotype1-0000024	chr21	42229950	100000	45090682	42229950	1	100000	100000.0	100000	100000	0.02	scaffold
T2T18	haplotype2-0000064	chr21	47518908	100000	45090682	47518908	1	100000	100000.0	100000	100000	0.02	scaffold
T2T18	haplotype1-0000006	chr22	49805109	147310	51324926	49805109	2	147310	73655.0	100000	47310	0.04	scaffold
T2T18	haplotype1-0000016	chr3	203580861	0	201105948	203580861	0	0	0.0	0	0	0.0	contig
T2T18	haplotype2-0000056	chr3	200911286	7500	201105948	200911286	1	7500	7500.0	7500	7500	0.0	scaffold
T2T18	haplotype1-0000023	chr4	193256486	0	193574945	193256486	0	0	0.0	0	0	0.0	contig
T2T18	haplotype2-0000062	chr4	192684953	0	193574945	192684953	0	0	0.0	0	0	0.0	contig
T2T18	haplotype1-0000018	chr5	182226039	100000	182045439	182226039	1	100000	100000.0	100000	100000	0.01	scaffold
T2T18	haplotype2-0000053	chr5	181780225	0	182045439	181780225	0	0	0.0	0	0	0.0	contig
T2T18	haplotype1-0000009	chr6	173814249	0	172126628	173814249	0	0	0.0	0	0	0.0	contig
T2T18	haplotype2-0000048	chr6	171841094	100000	172126628	171841094	1	100000	100000.0	100000	100000	0.01	scaffold
T2T18	haplotype1-0000005	chr7	161111030	7500	160567428	161111030	1	7500	7500.0	7500	7500	0.01	scaffold
T2T18	haplotype2-0000044	chr7	160647116	7500	160567428	160647116	1	7500	7500.0	7500	7500	0.01	scaffold
T2T18	haplotype1-0000012	chr8	146680577	0	146259331	146680577	0	0	0.0	0	0	0.0	contig
T2T18	haplotype2-0000051	chr8	146667791	0	146259331	146667791	0	0	0.0	0	0	0.0	contig
T2T18	haplotype1-0000011	chr9	134243345	0	150617247	134243345	0	0	0.0	0	0	0.0	contig
T2T18	haplotype2-0000050	chr9	137347751	0	150617247	137347751	0	0	0.0	0	0	0.0	contig
T2T18	haplotype2-0000059	chrX	155370103	0	154259566	155370103	0	0	0.0	0	0	0.0	contig
T2T18	haplotype1-0000025	chrY	60147703	0	62460029	60147703	0	0	0.0	0	0	0.0	contig
T2T19	haplotype1-0000017	chr1	246298668	0	248387328	246298668	0	0	0.0	0	0	0.0	contig
T2T19	haplotype2-0000047	chr1	253302552	0	248387328	253302552	0	0	0.0	0	0	0.0	contig
T2T19	haplotype1-0000011	chr10	135844857	0	134758134	135844857	0	0	0.0	0	0	0.0	contig
T2T19	haplotype2-0000041	chr10	134514262	0	134758134	134514262	0	0	0.0	0	0	0.0	contig
T2T19	haplotype1-0000019	chr11	135484535	0	135127769	135484535	0	0	0.0	0	0	0.0	contig
T2T19	haplotype2-0000051	chr11	134985650	0	135127769	134985650	0	0	0.0	0	0	0.0	contig
T2T19	haplotype1-0000007	chr12	134119059	0	133324548	134119059	0	0	0.0	0	0	0.0	contig
T2T19	haplotype2-0000037	chr12	134323234	0	133324548	134323234	0	0	0.0	0	0	0.0	contig
T2T19	haplotype1-0000008	chr16	92366156	0	96330374	92366156	0	0	0.0	0	0	0.0	contig
T2T19	haplotype2-0000039	chr16	91601995	0	96330374	91601995	0	0	0.0	0	0	0.0	contig
T2T19	haplotype1-0000018	chr17	84581787	100000	84276897	84581787	1	100000	100000.0	100000	100000	0.01	scaffold
T2T19	haplotype2-0000049	chr17	83935590	0	84276897	83935590	0	0	0.0	0	0	0.0	contig
T2T19	haplotype1-0000013	chr18	81613796	233036	80542538	81613796	3	233036	77678.7	100000	33036	0.04	scaffold
T2T19	haplotype2-0000043	chr18	81609658	233036	80542538	81609658	3	233036	77678.7	100000	33036	0.04	scaffold
T2T19	haplotype1-0000020	chr19	61591324	0	61707364	61591324	0	0	0.0	0	0	0.0	contig
T2T19	haplotype2-0000038	chr19	61729665	0	61707364	61729665	0	0	0.0	0	0	0.0	contig
T2T19	haplotype1-0000015	chr2	243313638	0	242696752	243313638	0	0	0.0	0	0	0.0	contig
T2T19	haplotype2-0000045	chr2	241804328	0	242696752	241804328	0	0	0.0	0	0	0.0	contig
T2T19	haplotype1-0000002	chr20	67008032	0	66210255	67008032	0	0	0.0	0	0	0.0	contig
T2T19	haplotype2-0000032	chr20	67284475	0	66210255	67284475	0	0	0.0	0	0	0.0	contig
T2T19	haplotype1-0000016	chr3	201158829	0	201105948	201158829	0	0	0.0	0	0	0.0	contig
T2T19	haplotype2-0000046	chr3	200897631	0	201105948	200897631	0	0	0.0	0	0	0.0	contig
T2T19	haplotype1-0000005	chr4	193246514	0	193574945	193246514	0	0	0.0	0	0	0.0	contig
T2T19	haplotype2-0000035	chr4	192458221	0	193574945	192458221	0	0	0.0	0	0	0.0	contig
T2T19	haplotype1-0000009	chr5	183194122	0	182045439	183194122	0	0	0.0	0	0	0.0	contig
T2T19	haplotype2-0000040	chr5	182531948	100000	182045439	182531948	1	100000	100000.0	100000	100000	0.01	scaffold
T2T19	haplotype1-0000012	chr6	174207470	0	172126628	174207470	0	0	0.0	0	0	0.0	contig
T2T19	haplotype2-0000042	chr6	172560102	0	172126628	172560102	0	0	0.0	0	0	0.0	contig
T2T19	haplotype1-0000003	chr7	161646333	0	160567428	161646333	0	0	0.0	0	0	0.0	contig
T2T19	haplotype2-0000033	chr7	161798745	7500	160567428	161798745	1	7500	7500.0	7500	7500	0.01	scaffold
T2T19	haplotype1-0000006	chr8	146293246	101500	146259331	146293246	2	101500	50750.0	100000	1500	0.01	scaffold
T2T19	haplotype2-0000036	chr8	145700646	100000	146259331	145700646	1	100000	100000.0	100000	100000	0.01	scaffold
T2T19	haplotype1-0000001	chr9	135293587	0	150617247	135293587	0	0	0.0	0	0	0.0	contig
T2T19	haplotype2-0000030	chr9	135518427	0	150617247	135518427	0	0	0.0	0	0	0.0	contig
T2T19	haplotype2-0000031	chrX	153517257	0	154259566	153517257	0	0	0.0	0	0	0.0	contig
T2T19	haplotype1-0000004	chrY	60179005	0	62460029	60179005	0	0	0.0	0	0	0.0	contig
T2T_HG002	haplotype1-0000010	chr1	252142757	7500	248387328	252142757	1	7500	7500.0	7500	7500	0.0	scaffold
T2T_HG002	haplotype2-0000078	chr1	244226731	107500	248387328	244226731	2	107500	53750.0	100000	7500	0.01	scaffold
T2T_HG002	haplotype1-0000021	chr10	135834116	7500	134758134	135834116	1	7500	7500.0	7500	7500	0.01	scaffold
T2T_HG002	haplotype2-0000093	chr10	135901580	0	134758134	135901580	0	0	0.0	0	0	0.0	contig
T2T_HG002	haplotype1-0000022	chr11	133990373	0	135127769	133990373	0	0	0.0	0	0	0.0	contig
T2T_HG002	haplotype2-0000094	chr11	134517665	7500	135127769	134517665	1	7500	7500.0	7500	7500	0.01	scaffold
T2T_HG002	haplotype1-0000012	chr12	133102132	0	133324548	133102132	0	0	0.0	0	0	0.0	contig
T2T_HG002	haplotype2-0000086	chr12	133583320	0	133324548	133583320	0	0	0.0	0	0	0.0	contig
T2T_HG002	haplotype2-0000080	chr13	107654299	184930	113566686	107654299	2	184930	92465.0	100000	84930	0.02	scaffold
T2T_HG002	haplotype1-0000018	chr14	103777641	100000	101161492	103777641	1	100000	100000.0	100000	100000	0.01	scaffold
T2T_HG002	haplotype2-0000091	chr14	102200590	115000	101161492	102200590	3	115000	38333.3	100000	7500	0.03	scaffold
T2T_HG002	haplotype1-0000004	chr15	97740211	168192	99753195	97740211	3	168192	56064.0	100000	7500	0.03	scaffold
T2T_HG002	haplotype2-0000097	chr15	93615611	123918	99753195	93615611	2	123918	61959.0	100000	23918	0.02	scaffold
T2T_HG002	haplotype1-0000020	chr16	90540405	48880	96330374	90540405	2	48880	24440.0	41380	7500	0.02	scaffold
T2T_HG002	haplotype2-0000092	chr16	93699795	78770	96330374	93699795	2	78770	39385.0	71270	7500	0.02	scaffold
T2T_HG002	haplotype1-0000016	chr17	83929072	100626	84276897	83929072	5	100626	20125.2	70626	7500	0.06	scaffold
T2T_HG002	haplotype2-0000084	chr17	84842953	0	84276897	84842953	0	0	0.0	0	0	0.0	contig
T2T_HG002	haplotype1-0000015	chr18	78912075	0	80542538	78912075	0	0	0.0	0	0	0.0	contig
T2T_HG002	haplotype2-0000088	chr18	80782317	0	80542538	80782317	0	0	0.0	0	0	0.0	contig
T2T_HG002	haplotype1-0000002	chr19	61315961	0	61707364	61315961	0	0	0.0	0	0	0.0	contig
T2T_HG002	haplotype2-0000074	chr19	61343899	0	61707364	61343899	0	0	0.0	0	0	0.0	contig
T2T_HG002	haplotype1-0000014	chr2	242240725	9000	242696752	242240725	2	9000	4500.0	7500	1500	0.01	scaffold
T2T_HG002	haplotype2-0000087	chr2	242168407	115000	242696752	242168407	3	115000	38333.3	100000	7500	0.01	scaffold
T2T_HG002	haplotype1-0000008	chr20	66073942	0	66210255	66073942	0	0	0.0	0	0	0.0	contig
T2T_HG002	haplotype2-0000085	chr21	42191535	100000	45090682	42191535	1	100000	100000.0	100000	100000	0.02	scaffold
T2T_HG002	haplotype1-0000017	chr3	201515007	0	201105948	201515007	0	0	0.0	0	0	0.0	contig
T2T_HG002	haplotype2-0000090	chr3	201097833	0	201105948	201097833	0	0	0.0	0	0	0.0	contig
T2T_HG002	haplotype2-0000089	chr4	192387479	0	193574945	192387479	0	0	0.0	0	0	0.0	contig
T2T_HG002	haplotype1-0000013	chr5	183368628	48070	182045439	183368628	1	48070	48070.0	48070	48070	0.01	scaffold
T2T_HG002	haplotype2-0000098	chr5	182404750	100000	182045439	182404750	1	100000	100000.0	100000	100000	0.01	scaffold
T2T_HG002	haplotype1-0000009	chr6	174749584	0	172126628	174749584	0	0	0.0	0	0	0.0	contig
T2T_HG002	haplotype2-0000083	chr6	174445436	12093	172126628	174445436	1	12093	12093.0	12093	12093	0.01	scaffold
T2T_HG002	haplotype1-0000006	chr7	160207738	7500	160567428	160207738	1	7500	7500.0	7500	7500	0.01	scaffold
T2T_HG002	haplotype2-0000079	chr7	160953875	0	160567428	160953875	0	0	0.0	0	0	0.0	contig
T2T_HG002	haplotype1-0000023	chr8	146740909	0	146259331	146740909	0	0	0.0	0	0	0.0	contig
T2T_HG002	haplotype2-0000096	chr8	146855186	9000	146259331	146855186	2	9000	4500.0	7500	1500	0.01	scaffold
T2T_HG002	haplotype1-0000003	chr9	143881192	7500	150617247	143881192	1	7500	7500.0	7500	7500	0.01	scaffold
T2T_HG002	haplotype2-0000075	chr9	131537398	7500	150617247	131537398	1	7500	7500.0	7500	7500	0.01	scaffold
T2T_HG002	haplotype2-0000077	chrX	154468257	100000	154259566	154468257	1	100000	100000.0	100000	100000	0.01	scaffold
T2T_HG002	haplotype1-0000019	chrY	61037712	7500	62460029	61037712	1	7500	7500.0	7500	7500	0.02	scaffold
