Sample	0	1	2	3	4	5	6	7	8	9	10	11	12	13	14	15	16	17	18	19	20	21	22	23	24	25	26	27	28	29	30	31	32	33	34	35	36	37	38	39	40	41	42	43	44	45	46	47	48	49	50	51	52	53	54	55	56	57	58	59	60	61	62	63	64	65	66	67	68	69	70	71	72	73	74	75	76	77	78	79	80	81	82	83	84	85	86	87	88	89	90
24070LRa018_T2T00_PoreC_05375	(0, 100.0)	(1, 95.0)	(2, 94.0)	(3, 93.0)	(4, 93.0)	(5, 92.0)	(6, 91.0)	(7, 91.0)	(8, 90.0)	(9, 88.0)	(10, 87.0)	(11, 85.0)	(12, 83.0)	(13, 80.0)	(14, 78.0)	(15, 75.0)	(16, 71.0)	(17, 68.0)	(18, 64.0)	(19, 59.0)	(20, 55.00000000000001)	(21, 50.0)	(22, 45.0)	(23, 40.0)	(24, 35.0)	(25, 31.0)	(26, 26.0)	(27, 22.0)	(28, 18.0)	(29, 15.0)	(30, 12.0)	(31, 10.0)	(32, 8.0)	(33, 6.0)	(34, 5.0)	(35, 4.0)	(36, 3.0)	(37, 2.0)	(38, 2.0)	(39, 2.0)	(40, 1.0)	(41, 1.0)	(42, 1.0)	(43, 1.0)	(44, 1.0)	(45, 1.0)	(46, 1.0)	(47, 1.0)	(48, 1.0)	(49, 1.0)	(50, 1.0)																																								
24070LRa019_T2T00_PoreC_05376	(0, 100.0)	(1, 95.0)	(2, 94.0)	(3, 93.0)	(4, 93.0)	(5, 92.0)	(6, 92.0)	(7, 91.0)	(8, 90.0)	(9, 88.0)	(10, 87.0)	(11, 85.0)	(12, 83.0)	(13, 81.0)	(14, 78.0)	(15, 75.0)	(16, 72.0)	(17, 69.0)	(18, 65.0)	(19, 60.0)	(20, 56.00000000000001)	(21, 51.0)	(22, 47.0)	(23, 42.0)	(24, 37.0)	(25, 32.0)	(26, 28.000000000000004)	(27, 24.0)	(28, 20.0)	(29, 16.0)	(30, 13.0)	(31, 11.0)	(32, 9.0)	(33, 7.000000000000001)	(34, 5.0)	(35, 4.0)	(36, 3.0)	(37, 3.0)	(38, 2.0)	(39, 2.0)	(40, 1.0)	(41, 1.0)	(42, 1.0)	(43, 1.0)	(44, 1.0)	(45, 1.0)	(46, 1.0)	(47, 1.0)	(48, 1.0)	(49, 1.0)	(50, 1.0)	(51, 1.0)																																							
24070LRa_PoreC_04921	(0, 100.0)	(1, 95.0)	(2, 94.0)	(3, 94.0)	(4, 93.0)	(5, 93.0)	(6, 93.0)	(7, 93.0)	(8, 92.0)	(9, 92.0)	(10, 92.0)	(11, 91.0)	(12, 91.0)	(13, 90.0)	(14, 90.0)	(15, 89.0)	(16, 88.0)	(17, 87.0)	(18, 86.0)	(19, 85.0)	(20, 84.0)	(21, 82.0)	(22, 80.0)	(23, 79.0)	(24, 77.0)	(25, 75.0)	(26, 72.0)	(27, 70.0)	(28, 67.0)	(29, 64.0)	(30, 61.0)	(31, 56.99999999999999)	(32, 54.0)	(33, 50.0)	(34, 46.0)	(35, 42.0)	(36, 39.0)	(37, 35.0)	(38, 31.0)	(39, 27.0)	(40, 24.0)	(41, 21.0)	(42, 18.0)	(43, 15.0)	(44, 13.0)	(45, 11.0)	(46, 9.0)	(47, 8.0)	(48, 6.0)	(49, 5.0)	(50, 4.0)	(51, 3.0)	(52, 3.0)	(53, 2.0)	(54, 2.0)	(55, 2.0)	(56, 2.0)	(57, 1.0)	(58, 1.0)	(59, 1.0)	(60, 1.0)	(61, 1.0)	(62, 1.0)	(63, 1.0)	(64, 1.0)	(65, 1.0)	(66, 1.0)	(67, 1.0)	(68, 1.0)	(69, 1.0)	(70, 1.0)	(71, 1.0)	(72, 1.0)	(73, 1.0)	(74, 1.0)	(75, 1.0)	(76, 1.0)														
25006LRa037_T2T04_PoreC_05170	(0, 100.0)	(1, 95.0)	(2, 94.0)	(3, 94.0)	(4, 93.0)	(5, 93.0)	(6, 93.0)	(7, 93.0)	(8, 92.0)	(9, 92.0)	(10, 92.0)	(11, 91.0)	(12, 90.0)	(13, 90.0)	(14, 89.0)	(15, 88.0)	(16, 87.0)	(17, 86.0)	(18, 85.0)	(19, 83.0)	(20, 81.0)	(21, 79.0)	(22, 77.0)	(23, 75.0)	(24, 73.0)	(25, 71.0)	(26, 68.0)	(27, 65.0)	(28, 63.0)	(29, 60.0)	(30, 56.99999999999999)	(31, 54.0)	(32, 51.0)	(33, 48.0)	(34, 45.0)	(35, 42.0)	(36, 40.0)	(37, 37.0)	(38, 34.0)	(39, 31.0)	(40, 28.999999999999996)	(41, 26.0)	(42, 24.0)	(43, 21.0)	(44, 19.0)	(45, 17.0)	(46, 15.0)	(47, 13.0)	(48, 12.0)	(49, 10.0)	(50, 9.0)	(51, 7.000000000000001)	(52, 6.0)	(53, 5.0)	(54, 5.0)	(55, 4.0)	(56, 3.0)	(57, 3.0)	(58, 2.0)	(59, 2.0)	(60, 2.0)	(61, 2.0)	(62, 1.0)	(63, 1.0)	(64, 1.0)	(65, 1.0)	(66, 1.0)	(67, 1.0)	(68, 1.0)	(69, 1.0)	(70, 1.0)	(71, 1.0)	(72, 1.0)	(73, 1.0)	(74, 1.0)	(75, 1.0)	(76, 1.0)	(77, 1.0)	(78, 1.0)	(79, 1.0)	(80, 1.0)	(81, 1.0)	(82, 1.0)	(83, 1.0)							
25006LRa039_T2T01_PoreC_05236	(0, 100.0)	(1, 94.0)	(2, 93.0)	(3, 93.0)	(4, 93.0)	(5, 92.0)	(6, 92.0)	(7, 92.0)	(8, 92.0)	(9, 92.0)	(10, 91.0)	(11, 91.0)	(12, 91.0)	(13, 91.0)	(14, 90.0)	(15, 90.0)	(16, 89.0)	(17, 89.0)	(18, 88.0)	(19, 88.0)	(20, 87.0)	(21, 86.0)	(22, 85.0)	(23, 84.0)	(24, 83.0)	(25, 81.0)	(26, 80.0)	(27, 78.0)	(28, 77.0)	(29, 75.0)	(30, 73.0)	(31, 71.0)	(32, 68.0)	(33, 66.0)	(34, 63.0)	(35, 60.0)	(36, 56.99999999999999)	(37, 54.0)	(38, 51.0)	(39, 47.0)	(40, 44.0)	(41, 40.0)	(42, 36.0)	(43, 33.0)	(44, 28.999999999999996)	(45, 26.0)	(46, 23.0)	(47, 20.0)	(48, 17.0)	(49, 15.0)	(50, 13.0)	(51, 11.0)	(52, 9.0)	(53, 7.000000000000001)	(54, 6.0)	(55, 5.0)	(56, 4.0)	(57, 3.0)	(58, 3.0)	(59, 2.0)	(60, 2.0)	(61, 2.0)	(62, 2.0)	(63, 1.0)	(64, 1.0)	(65, 1.0)	(66, 1.0)	(67, 1.0)	(68, 1.0)	(69, 1.0)	(70, 1.0)	(71, 1.0)	(72, 1.0)	(73, 1.0)	(74, 1.0)	(75, 1.0)	(76, 1.0)	(77, 1.0)	(78, 1.0)	(79, 1.0)	(80, 1.0)	(81, 1.0)	(82, 1.0)	(83, 1.0)							
25006LRa040_T2T03_PoreC_05237	(0, 100.0)	(1, 94.0)	(2, 93.0)	(3, 93.0)	(4, 92.0)	(5, 92.0)	(6, 92.0)	(7, 92.0)	(8, 92.0)	(9, 92.0)	(10, 92.0)	(11, 91.0)	(12, 91.0)	(13, 91.0)	(14, 91.0)	(15, 90.0)	(16, 90.0)	(17, 90.0)	(18, 90.0)	(19, 89.0)	(20, 89.0)	(21, 88.0)	(22, 88.0)	(23, 87.0)	(24, 86.0)	(25, 85.0)	(26, 84.0)	(27, 83.0)	(28, 82.0)	(29, 81.0)	(30, 80.0)	(31, 79.0)	(32, 77.0)	(33, 76.0)	(34, 74.0)	(35, 73.0)	(36, 71.0)	(37, 69.0)	(38, 68.0)	(39, 66.0)	(40, 64.0)	(41, 62.0)	(42, 60.0)	(43, 57.99999999999999)	(44, 56.00000000000001)	(45, 54.0)	(46, 51.0)	(47, 49.0)	(48, 46.0)	(49, 44.0)	(50, 42.0)	(51, 39.0)	(52, 36.0)	(53, 34.0)	(54, 31.0)	(55, 28.999999999999996)	(56, 26.0)	(57, 24.0)	(58, 22.0)	(59, 20.0)	(60, 18.0)	(61, 16.0)	(62, 14.000000000000002)	(63, 12.0)	(64, 11.0)	(65, 9.0)	(66, 8.0)	(67, 7.000000000000001)	(68, 6.0)	(69, 5.0)	(70, 4.0)	(71, 4.0)	(72, 3.0)	(73, 3.0)	(74, 2.0)	(75, 2.0)	(76, 2.0)	(77, 2.0)	(78, 1.0)	(79, 1.0)	(80, 1.0)	(81, 1.0)	(82, 1.0)	(83, 1.0)	(84, 1.0)	(85, 1.0)	(86, 1.0)	(87, 1.0)	(88, 1.0)	(89, 1.0)	(90, 1.0)
25006LRa041_T2T05_PoreC_05238	(0, 100.0)	(1, 95.0)	(2, 94.0)	(3, 94.0)	(4, 93.0)	(5, 93.0)	(6, 93.0)	(7, 92.0)	(8, 92.0)	(9, 91.0)	(10, 91.0)	(11, 90.0)	(12, 89.0)	(13, 88.0)	(14, 87.0)	(15, 85.0)	(16, 84.0)	(17, 82.0)	(18, 80.0)	(19, 78.0)	(20, 76.0)	(21, 74.0)	(22, 72.0)	(23, 69.0)	(24, 66.0)	(25, 64.0)	(26, 61.0)	(27, 56.99999999999999)	(28, 54.0)	(29, 51.0)	(30, 47.0)	(31, 43.0)	(32, 40.0)	(33, 36.0)	(34, 32.0)	(35, 28.000000000000004)	(36, 25.0)	(37, 22.0)	(38, 19.0)	(39, 16.0)	(40, 13.0)	(41, 11.0)	(42, 9.0)	(43, 8.0)	(44, 6.0)	(45, 5.0)	(46, 4.0)	(47, 3.0)	(48, 3.0)	(49, 2.0)	(50, 2.0)	(51, 2.0)	(52, 1.0)	(53, 1.0)	(54, 1.0)	(55, 1.0)	(56, 1.0)	(57, 1.0)	(58, 1.0)	(59, 1.0)	(60, 1.0)	(61, 1.0)	(62, 1.0)	(63, 1.0)	(64, 1.0)	(65, 1.0)	(66, 1.0)																								
25006LRa063_T2T02_05349_PoreC	(0, 100.0)	(1, 95.0)	(2, 94.0)	(3, 94.0)	(4, 93.0)	(5, 93.0)	(6, 92.0)	(7, 92.0)	(8, 91.0)	(9, 90.0)	(10, 89.0)	(11, 87.0)	(12, 86.0)	(13, 84.0)	(14, 81.0)	(15, 79.0)	(16, 76.0)	(17, 72.0)	(18, 69.0)	(19, 65.0)	(20, 61.0)	(21, 56.99999999999999)	(22, 54.0)	(23, 50.0)	(24, 47.0)	(25, 43.0)	(26, 40.0)	(27, 37.0)	(28, 34.0)	(29, 32.0)	(30, 28.999999999999996)	(31, 27.0)	(32, 25.0)	(33, 23.0)	(34, 21.0)	(35, 20.0)	(36, 18.0)	(37, 17.0)	(38, 15.0)	(39, 14.000000000000002)	(40, 13.0)	(41, 12.0)	(42, 11.0)	(43, 10.0)	(44, 9.0)	(45, 8.0)	(46, 7.000000000000001)	(47, 6.0)	(48, 6.0)	(49, 5.0)	(50, 5.0)	(51, 4.0)	(52, 4.0)	(53, 3.0)	(54, 3.0)	(55, 3.0)	(56, 2.0)	(57, 2.0)	(58, 2.0)	(59, 2.0)	(60, 1.0)	(61, 1.0)	(62, 1.0)	(63, 1.0)	(64, 1.0)	(65, 1.0)	(66, 1.0)	(67, 1.0)	(68, 1.0)	(69, 1.0)	(70, 1.0)	(71, 1.0)	(72, 1.0)	(73, 1.0)	(74, 1.0)	(75, 1.0)	(76, 1.0)	(77, 1.0)	(78, 1.0)	(79, 1.0)	(80, 1.0)	(81, 1.0)	(82, 1.0)								
25006LRa063_T2T02_PoreC_05349	(0, 100.0)	(1, 95.0)	(2, 94.0)	(3, 94.0)	(4, 93.0)	(5, 93.0)	(6, 92.0)	(7, 92.0)	(8, 91.0)	(9, 90.0)	(10, 89.0)	(11, 87.0)	(12, 86.0)	(13, 84.0)	(14, 81.0)	(15, 79.0)	(16, 76.0)	(17, 72.0)	(18, 69.0)	(19, 65.0)	(20, 61.0)	(21, 56.99999999999999)	(22, 54.0)	(23, 50.0)	(24, 47.0)	(25, 43.0)	(26, 40.0)	(27, 37.0)	(28, 34.0)	(29, 32.0)	(30, 28.999999999999996)	(31, 27.0)	(32, 25.0)	(33, 23.0)	(34, 21.0)	(35, 20.0)	(36, 18.0)	(37, 17.0)	(38, 15.0)	(39, 14.000000000000002)	(40, 13.0)	(41, 12.0)	(42, 11.0)	(43, 10.0)	(44, 9.0)	(45, 8.0)	(46, 7.000000000000001)	(47, 6.0)	(48, 6.0)	(49, 5.0)	(50, 5.0)	(51, 4.0)	(52, 4.0)	(53, 3.0)	(54, 3.0)	(55, 3.0)	(56, 2.0)	(57, 2.0)	(58, 2.0)	(59, 2.0)	(60, 1.0)	(61, 1.0)	(62, 1.0)	(63, 1.0)	(64, 1.0)	(65, 1.0)	(66, 1.0)	(67, 1.0)	(68, 1.0)	(69, 1.0)	(70, 1.0)	(71, 1.0)	(72, 1.0)	(73, 1.0)	(74, 1.0)	(75, 1.0)	(76, 1.0)	(77, 1.0)	(78, 1.0)	(79, 1.0)	(80, 1.0)	(81, 1.0)	(82, 1.0)								
25006LRa064_T2T06_05350_PoreC	(0, 100.0)	(1, 95.0)	(2, 94.0)	(3, 93.0)	(4, 92.0)	(5, 91.0)	(6, 90.0)	(7, 88.0)	(8, 85.0)	(9, 81.0)	(10, 77.0)	(11, 73.0)	(12, 67.0)	(13, 62.0)	(14, 56.00000000000001)	(15, 51.0)	(16, 45.0)	(17, 41.0)	(18, 36.0)	(19, 32.0)	(20, 28.000000000000004)	(21, 25.0)	(22, 22.0)	(23, 20.0)	(24, 18.0)	(25, 16.0)	(26, 14.000000000000002)	(27, 12.0)	(28, 11.0)	(29, 10.0)	(30, 8.0)	(31, 7.000000000000001)	(32, 7.000000000000001)	(33, 6.0)	(34, 5.0)	(35, 4.0)	(36, 4.0)	(37, 3.0)	(38, 3.0)	(39, 3.0)	(40, 2.0)	(41, 2.0)	(42, 2.0)	(43, 1.0)	(44, 1.0)	(45, 1.0)	(46, 1.0)	(47, 1.0)	(48, 1.0)	(49, 1.0)	(50, 1.0)	(51, 1.0)	(52, 1.0)	(53, 1.0)	(54, 1.0)	(55, 1.0)	(56, 1.0)	(57, 1.0)																																	
25006LRa064_T2T06_PoreC_05350	(0, 100.0)	(1, 95.0)	(2, 94.0)	(3, 93.0)	(4, 92.0)	(5, 91.0)	(6, 90.0)	(7, 88.0)	(8, 85.0)	(9, 81.0)	(10, 77.0)	(11, 73.0)	(12, 67.0)	(13, 62.0)	(14, 56.00000000000001)	(15, 51.0)	(16, 45.0)	(17, 41.0)	(18, 36.0)	(19, 32.0)	(20, 28.000000000000004)	(21, 25.0)	(22, 22.0)	(23, 20.0)	(24, 18.0)	(25, 16.0)	(26, 14.000000000000002)	(27, 12.0)	(28, 11.0)	(29, 10.0)	(30, 8.0)	(31, 7.000000000000001)	(32, 7.000000000000001)	(33, 6.0)	(34, 5.0)	(35, 4.0)	(36, 4.0)	(37, 3.0)	(38, 3.0)	(39, 3.0)	(40, 2.0)	(41, 2.0)	(42, 2.0)	(43, 1.0)	(44, 1.0)	(45, 1.0)	(46, 1.0)	(47, 1.0)	(48, 1.0)	(49, 1.0)	(50, 1.0)	(51, 1.0)	(52, 1.0)	(53, 1.0)	(54, 1.0)	(55, 1.0)	(56, 1.0)	(57, 1.0)																																	
25006LRa065_T2T07_05351_PoreC	(0, 100.0)	(1, 94.0)	(2, 93.0)	(3, 92.0)	(4, 92.0)	(5, 92.0)	(6, 92.0)	(7, 92.0)	(8, 92.0)	(9, 91.0)	(10, 91.0)	(11, 91.0)	(12, 90.0)	(13, 90.0)	(14, 90.0)	(15, 89.0)	(16, 89.0)	(17, 88.0)	(18, 87.0)	(19, 86.0)	(20, 85.0)	(21, 84.0)	(22, 82.0)	(23, 81.0)	(24, 79.0)	(25, 78.0)	(26, 76.0)	(27, 74.0)	(28, 72.0)	(29, 70.0)	(30, 67.0)	(31, 65.0)	(32, 62.0)	(33, 60.0)	(34, 56.99999999999999)	(35, 55.00000000000001)	(36, 52.0)	(37, 49.0)	(38, 46.0)	(39, 43.0)	(40, 40.0)	(41, 37.0)	(42, 34.0)	(43, 32.0)	(44, 28.999999999999996)	(45, 26.0)	(46, 23.0)	(47, 21.0)	(48, 18.0)	(49, 16.0)	(50, 14.000000000000002)	(51, 12.0)	(52, 11.0)	(53, 9.0)	(54, 8.0)	(55, 7.000000000000001)	(56, 6.0)	(57, 5.0)	(58, 4.0)	(59, 3.0)	(60, 3.0)	(61, 3.0)	(62, 2.0)	(63, 2.0)	(64, 2.0)	(65, 1.0)	(66, 1.0)	(67, 1.0)	(68, 1.0)	(69, 1.0)	(70, 1.0)	(71, 1.0)	(72, 1.0)	(73, 1.0)	(74, 1.0)	(75, 1.0)	(76, 1.0)	(77, 1.0)	(78, 1.0)	(79, 1.0)	(80, 1.0)	(81, 1.0)	(82, 1.0)	(83, 1.0)	(84, 1.0)	(85, 1.0)	(86, 1.0)	(87, 1.0)	(88, 1.0)	(89, 1.0)	(90, 1.0)
25006LRa065_T2T07_PoreC_05351	(0, 100.0)	(1, 94.0)	(2, 93.0)	(3, 92.0)	(4, 92.0)	(5, 92.0)	(6, 92.0)	(7, 92.0)	(8, 92.0)	(9, 91.0)	(10, 91.0)	(11, 91.0)	(12, 90.0)	(13, 90.0)	(14, 90.0)	(15, 89.0)	(16, 89.0)	(17, 88.0)	(18, 87.0)	(19, 86.0)	(20, 85.0)	(21, 84.0)	(22, 82.0)	(23, 81.0)	(24, 79.0)	(25, 78.0)	(26, 76.0)	(27, 74.0)	(28, 72.0)	(29, 70.0)	(30, 67.0)	(31, 65.0)	(32, 62.0)	(33, 60.0)	(34, 56.99999999999999)	(35, 55.00000000000001)	(36, 52.0)	(37, 49.0)	(38, 46.0)	(39, 43.0)	(40, 40.0)	(41, 37.0)	(42, 34.0)	(43, 32.0)	(44, 28.999999999999996)	(45, 26.0)	(46, 23.0)	(47, 21.0)	(48, 18.0)	(49, 16.0)	(50, 14.000000000000002)	(51, 12.0)	(52, 11.0)	(53, 9.0)	(54, 8.0)	(55, 7.000000000000001)	(56, 6.0)	(57, 5.0)	(58, 4.0)	(59, 3.0)	(60, 3.0)	(61, 3.0)	(62, 2.0)	(63, 2.0)	(64, 2.0)	(65, 1.0)	(66, 1.0)	(67, 1.0)	(68, 1.0)	(69, 1.0)	(70, 1.0)	(71, 1.0)	(72, 1.0)	(73, 1.0)	(74, 1.0)	(75, 1.0)	(76, 1.0)	(77, 1.0)	(78, 1.0)	(79, 1.0)	(80, 1.0)	(81, 1.0)	(82, 1.0)	(83, 1.0)	(84, 1.0)	(85, 1.0)	(86, 1.0)	(87, 1.0)	(88, 1.0)	(89, 1.0)	(90, 1.0)
25006LRa078_T2T04_PoreC_05377	(0, 100.0)	(1, 95.0)	(2, 94.0)	(3, 94.0)	(4, 93.0)	(5, 93.0)	(6, 93.0)	(7, 92.0)	(8, 92.0)	(9, 91.0)	(10, 91.0)	(11, 90.0)	(12, 89.0)	(13, 88.0)	(14, 87.0)	(15, 86.0)	(16, 84.0)	(17, 82.0)	(18, 80.0)	(19, 78.0)	(20, 76.0)	(21, 73.0)	(22, 70.0)	(23, 67.0)	(24, 64.0)	(25, 60.0)	(26, 56.99999999999999)	(27, 53.0)	(28, 50.0)	(29, 46.0)	(30, 43.0)	(31, 39.0)	(32, 36.0)	(33, 32.0)	(34, 28.999999999999996)	(35, 26.0)	(36, 23.0)	(37, 20.0)	(38, 18.0)	(39, 15.0)	(40, 13.0)	(41, 11.0)	(42, 10.0)	(43, 8.0)	(44, 7.000000000000001)	(45, 6.0)	(46, 5.0)	(47, 4.0)	(48, 3.0)	(49, 3.0)	(50, 2.0)	(51, 2.0)	(52, 2.0)	(53, 1.0)	(54, 1.0)	(55, 1.0)	(56, 1.0)	(57, 1.0)	(58, 1.0)	(59, 1.0)	(60, 1.0)	(61, 1.0)	(62, 1.0)	(63, 1.0)	(64, 1.0)	(65, 1.0)	(66, 1.0)	(67, 1.0)	(68, 1.0)	(69, 1.0)																					
25006LRa079_T2T04_PoreC_05378	(0, 100.0)	(1, 95.0)	(2, 94.0)	(3, 94.0)	(4, 93.0)	(5, 93.0)	(6, 92.0)	(7, 92.0)	(8, 91.0)	(9, 90.0)	(10, 89.0)	(11, 88.0)	(12, 87.0)	(13, 85.0)	(14, 84.0)	(15, 81.0)	(16, 79.0)	(17, 76.0)	(18, 73.0)	(19, 70.0)	(20, 67.0)	(21, 63.0)	(22, 59.0)	(23, 55.00000000000001)	(24, 51.0)	(25, 47.0)	(26, 43.0)	(27, 40.0)	(28, 36.0)	(29, 32.0)	(30, 28.000000000000004)	(31, 25.0)	(32, 22.0)	(33, 19.0)	(34, 16.0)	(35, 14.000000000000002)	(36, 12.0)	(37, 10.0)	(38, 8.0)	(39, 7.000000000000001)	(40, 6.0)	(41, 5.0)	(42, 4.0)	(43, 3.0)	(44, 3.0)	(45, 2.0)	(46, 2.0)	(47, 1.0)	(48, 1.0)	(49, 1.0)	(50, 1.0)	(51, 1.0)	(52, 1.0)	(53, 1.0)	(54, 1.0)	(55, 1.0)	(56, 1.0)	(57, 1.0)	(58, 1.0)	(59, 1.0)	(60, 1.0)																														
25006LRa079_T2T04_PoreC_06050	(0, 100.0)	(1, 95.0)	(2, 94.0)	(3, 94.0)	(4, 93.0)	(5, 93.0)	(6, 93.0)	(7, 92.0)	(8, 92.0)	(9, 91.0)	(10, 91.0)	(11, 90.0)	(12, 89.0)	(13, 88.0)	(14, 87.0)	(15, 85.0)	(16, 84.0)	(17, 82.0)	(18, 80.0)	(19, 78.0)	(20, 75.0)	(21, 72.0)	(22, 70.0)	(23, 67.0)	(24, 63.0)	(25, 60.0)	(26, 56.99999999999999)	(27, 53.0)	(28, 50.0)	(29, 46.0)	(30, 43.0)	(31, 39.0)	(32, 36.0)	(33, 33.0)	(34, 30.0)	(35, 27.0)	(36, 24.0)	(37, 21.0)	(38, 18.0)	(39, 16.0)	(40, 14.000000000000002)	(41, 12.0)	(42, 10.0)	(43, 9.0)	(44, 7.000000000000001)	(45, 6.0)	(46, 5.0)	(47, 4.0)	(48, 4.0)	(49, 3.0)	(50, 2.0)	(51, 2.0)	(52, 2.0)	(53, 2.0)	(54, 1.0)	(55, 1.0)	(56, 1.0)	(57, 1.0)	(58, 1.0)	(59, 1.0)	(60, 1.0)	(61, 1.0)	(62, 1.0)	(63, 1.0)	(64, 1.0)	(65, 1.0)	(66, 1.0)	(67, 1.0)	(68, 1.0)	(69, 1.0)	(70, 1.0)	(71, 1.0)																			
25006LRa080_T2T08_PoreC_05379	(0, 100.0)	(1, 93.0)	(2, 92.0)	(3, 92.0)	(4, 92.0)	(5, 91.0)	(6, 91.0)	(7, 90.0)	(8, 89.0)	(9, 87.0)	(10, 85.0)	(11, 82.0)	(12, 79.0)	(13, 75.0)	(14, 70.0)	(15, 65.0)	(16, 59.0)	(17, 54.0)	(18, 48.0)	(19, 42.0)	(20, 37.0)	(21, 32.0)	(22, 27.0)	(23, 23.0)	(24, 20.0)	(25, 16.0)	(26, 13.0)	(27, 11.0)	(28, 9.0)	(29, 7.000000000000001)	(30, 6.0)	(31, 4.0)	(32, 3.0)	(33, 3.0)	(34, 2.0)	(35, 2.0)	(36, 1.0)	(37, 1.0)	(38, 1.0)	(39, 1.0)	(40, 1.0)	(41, 1.0)	(42, 1.0)	(43, 1.0)	(44, 1.0)	(45, 1.0)	(46, 1.0)																																												
25006LRa081_T2T09_PoreC_05380	(0, 100.0)	(1, 95.0)	(2, 94.0)	(3, 94.0)	(4, 93.0)	(5, 93.0)	(6, 93.0)	(7, 93.0)	(8, 93.0)	(9, 92.0)	(10, 92.0)	(11, 92.0)	(12, 91.0)	(13, 91.0)	(14, 90.0)	(15, 90.0)	(16, 89.0)	(17, 88.0)	(18, 87.0)	(19, 86.0)	(20, 85.0)	(21, 84.0)	(22, 83.0)	(23, 81.0)	(24, 79.0)	(25, 77.0)	(26, 74.0)	(27, 71.0)	(28, 69.0)	(29, 66.0)	(30, 62.0)	(31, 59.0)	(32, 56.00000000000001)	(33, 53.0)	(34, 50.0)	(35, 47.0)	(36, 44.0)	(37, 41.0)	(38, 38.0)	(39, 36.0)	(40, 33.0)	(41, 31.0)	(42, 28.999999999999996)	(43, 27.0)	(44, 26.0)	(45, 24.0)	(46, 22.0)	(47, 21.0)	(48, 19.0)	(49, 18.0)	(50, 17.0)	(51, 16.0)	(52, 15.0)	(53, 14.000000000000002)	(54, 13.0)	(55, 12.0)	(56, 11.0)	(57, 10.0)	(58, 9.0)	(59, 9.0)	(60, 8.0)	(61, 7.000000000000001)	(62, 7.000000000000001)	(63, 6.0)	(64, 6.0)	(65, 5.0)	(66, 5.0)	(67, 4.0)	(68, 4.0)	(69, 4.0)	(70, 3.0)	(71, 3.0)	(72, 3.0)	(73, 2.0)	(74, 2.0)	(75, 2.0)	(76, 2.0)	(77, 2.0)	(78, 2.0)	(79, 1.0)	(80, 1.0)	(81, 1.0)	(82, 1.0)	(83, 1.0)	(84, 1.0)	(85, 1.0)	(86, 1.0)	(87, 1.0)	(88, 1.0)	(89, 1.0)	(90, 1.0)
25006LRa082_T2T10_PoreC_05381	(0, 100.0)	(1, 93.0)	(2, 93.0)	(3, 92.0)	(4, 92.0)	(5, 92.0)	(6, 92.0)	(7, 91.0)	(8, 91.0)	(9, 90.0)	(10, 90.0)	(11, 89.0)	(12, 88.0)	(13, 87.0)	(14, 85.0)	(15, 84.0)	(16, 81.0)	(17, 79.0)	(18, 76.0)	(19, 73.0)	(20, 70.0)	(21, 67.0)	(22, 63.0)	(23, 60.0)	(24, 56.99999999999999)	(25, 53.0)	(26, 50.0)	(27, 47.0)	(28, 44.0)	(29, 41.0)	(30, 39.0)	(31, 36.0)	(32, 34.0)	(33, 31.0)	(34, 28.999999999999996)	(35, 27.0)	(36, 25.0)	(37, 24.0)	(38, 22.0)	(39, 20.0)	(40, 19.0)	(41, 17.0)	(42, 16.0)	(43, 15.0)	(44, 14.000000000000002)	(45, 13.0)	(46, 12.0)	(47, 11.0)	(48, 10.0)	(49, 9.0)	(50, 8.0)	(51, 7.000000000000001)	(52, 7.000000000000001)	(53, 6.0)	(54, 5.0)	(55, 5.0)	(56, 4.0)	(57, 4.0)	(58, 3.0)	(59, 3.0)	(60, 3.0)	(61, 2.0)	(62, 2.0)	(63, 2.0)	(64, 2.0)	(65, 2.0)	(66, 1.0)	(67, 1.0)	(68, 1.0)	(69, 1.0)	(70, 1.0)	(71, 1.0)	(72, 1.0)	(73, 1.0)	(74, 1.0)	(75, 1.0)	(76, 1.0)	(77, 1.0)	(78, 1.0)	(79, 1.0)	(80, 1.0)	(81, 1.0)	(82, 1.0)	(83, 1.0)	(84, 1.0)	(85, 1.0)	(86, 1.0)	(87, 1.0)			
25006LRa095_T2T11_PoreC_05486	(0, 100.0)	(1, 95.0)	(2, 94.0)	(3, 94.0)	(4, 93.0)	(5, 93.0)	(6, 93.0)	(7, 93.0)	(8, 92.0)	(9, 92.0)	(10, 91.0)	(11, 91.0)	(12, 90.0)	(13, 89.0)	(14, 88.0)	(15, 87.0)	(16, 86.0)	(17, 84.0)	(18, 83.0)	(19, 81.0)	(20, 79.0)	(21, 77.0)	(22, 75.0)	(23, 73.0)	(24, 70.0)	(25, 68.0)	(26, 65.0)	(27, 63.0)	(28, 60.0)	(29, 56.99999999999999)	(30, 55.00000000000001)	(31, 52.0)	(32, 49.0)	(33, 46.0)	(34, 43.0)	(35, 40.0)	(36, 37.0)	(37, 34.0)	(38, 31.0)	(39, 28.999999999999996)	(40, 26.0)	(41, 23.0)	(42, 21.0)	(43, 18.0)	(44, 16.0)	(45, 14.000000000000002)	(46, 12.0)	(47, 11.0)	(48, 9.0)	(49, 8.0)	(50, 7.000000000000001)	(51, 6.0)	(52, 5.0)	(53, 4.0)	(54, 3.0)	(55, 3.0)	(56, 2.0)	(57, 2.0)	(58, 2.0)	(59, 2.0)	(60, 1.0)	(61, 1.0)	(62, 1.0)	(63, 1.0)	(64, 1.0)	(65, 1.0)	(66, 1.0)	(67, 1.0)	(68, 1.0)	(69, 1.0)	(70, 1.0)	(71, 1.0)	(72, 1.0)	(73, 1.0)	(74, 1.0)	(75, 1.0)	(76, 1.0)	(77, 1.0)	(78, 1.0)	(79, 1.0)	(80, 1.0)	(81, 1.0)	(82, 1.0)	(83, 1.0)	(84, 1.0)	(85, 1.0)					
25006LRa096_T2T11_PoreC_05487	(0, 100.0)	(1, 95.0)	(2, 94.0)	(3, 94.0)	(4, 94.0)	(5, 94.0)	(6, 93.0)	(7, 93.0)	(8, 93.0)	(9, 93.0)	(10, 92.0)	(11, 92.0)	(12, 92.0)	(13, 91.0)	(14, 91.0)	(15, 91.0)	(16, 90.0)	(17, 90.0)	(18, 89.0)	(19, 88.0)	(20, 87.0)	(21, 87.0)	(22, 86.0)	(23, 84.0)	(24, 83.0)	(25, 82.0)	(26, 81.0)	(27, 79.0)	(28, 78.0)	(29, 76.0)	(30, 75.0)	(31, 73.0)	(32, 71.0)	(33, 69.0)	(34, 68.0)	(35, 66.0)	(36, 64.0)	(37, 62.0)	(38, 60.0)	(39, 57.99999999999999)	(40, 56.00000000000001)	(41, 54.0)	(42, 51.0)	(43, 49.0)	(44, 47.0)	(45, 45.0)	(46, 43.0)	(47, 40.0)	(48, 38.0)	(49, 36.0)	(50, 34.0)	(51, 32.0)	(52, 28.999999999999996)	(53, 27.0)	(54, 25.0)	(55, 23.0)	(56, 21.0)	(57, 19.0)	(58, 17.0)	(59, 16.0)	(60, 14.000000000000002)	(61, 12.0)	(62, 11.0)	(63, 10.0)	(64, 8.0)	(65, 7.000000000000001)	(66, 6.0)	(67, 6.0)	(68, 5.0)	(69, 4.0)	(70, 4.0)	(71, 3.0)	(72, 3.0)	(73, 2.0)	(74, 2.0)	(75, 2.0)	(76, 2.0)	(77, 2.0)	(78, 1.0)	(79, 1.0)	(80, 1.0)	(81, 1.0)	(82, 1.0)	(83, 1.0)	(84, 1.0)	(85, 1.0)	(86, 1.0)	(87, 1.0)	(88, 1.0)	(89, 1.0)	(90, 1.0)
25006LRa097_T2T04_1_PoreC_05488	(0, 100.0)	(1, 95.0)	(2, 94.0)	(3, 94.0)	(4, 93.0)	(5, 93.0)	(6, 92.0)	(7, 92.0)	(8, 91.0)	(9, 90.0)	(10, 89.0)	(11, 88.0)	(12, 86.0)	(13, 85.0)	(14, 83.0)	(15, 81.0)	(16, 78.0)	(17, 76.0)	(18, 73.0)	(19, 70.0)	(20, 66.0)	(21, 62.0)	(22, 59.0)	(23, 54.0)	(24, 50.0)	(25, 46.0)	(26, 41.0)	(27, 37.0)	(28, 32.0)	(29, 28.000000000000004)	(30, 24.0)	(31, 21.0)	(32, 17.0)	(33, 14.000000000000002)	(34, 12.0)	(35, 9.0)	(36, 8.0)	(37, 6.0)	(38, 5.0)	(39, 4.0)	(40, 3.0)	(41, 2.0)	(42, 2.0)	(43, 2.0)	(44, 1.0)	(45, 1.0)	(46, 1.0)	(47, 1.0)	(48, 1.0)	(49, 1.0)	(50, 1.0)	(51, 1.0)	(52, 1.0)	(53, 1.0)	(54, 1.0)																																				
25006LRa098_T2T04_1_PoreC_05489	(0, 100.0)	(1, 95.0)	(2, 94.0)	(3, 94.0)	(4, 94.0)	(5, 93.0)	(6, 93.0)	(7, 93.0)	(8, 93.0)	(9, 92.0)	(10, 92.0)	(11, 92.0)	(12, 91.0)	(13, 91.0)	(14, 90.0)	(15, 90.0)	(16, 89.0)	(17, 88.0)	(18, 87.0)	(19, 86.0)	(20, 85.0)	(21, 84.0)	(22, 83.0)	(23, 81.0)	(24, 80.0)	(25, 78.0)	(26, 77.0)	(27, 75.0)	(28, 73.0)	(29, 71.0)	(30, 69.0)	(31, 67.0)	(32, 64.0)	(33, 62.0)	(34, 59.0)	(35, 56.00000000000001)	(36, 53.0)	(37, 50.0)	(38, 47.0)	(39, 44.0)	(40, 41.0)	(41, 38.0)	(42, 35.0)	(43, 31.0)	(44, 28.000000000000004)	(45, 25.0)	(46, 22.0)	(47, 20.0)	(48, 17.0)	(49, 15.0)	(50, 13.0)	(51, 11.0)	(52, 9.0)	(53, 8.0)	(54, 7.000000000000001)	(55, 5.0)	(56, 5.0)	(57, 4.0)	(58, 3.0)	(59, 3.0)	(60, 2.0)	(61, 2.0)	(62, 2.0)	(63, 1.0)	(64, 1.0)	(65, 1.0)	(66, 1.0)	(67, 1.0)	(68, 1.0)	(69, 1.0)	(70, 1.0)	(71, 1.0)	(72, 1.0)	(73, 1.0)	(74, 1.0)	(75, 1.0)	(76, 1.0)	(77, 1.0)	(78, 1.0)	(79, 1.0)	(80, 1.0)	(81, 1.0)	(82, 1.0)	(83, 1.0)							
25006LRa099_T2T04_2_PoreC_05490	(0, 100.0)	(1, 94.0)	(2, 93.0)	(3, 93.0)	(4, 93.0)	(5, 92.0)	(6, 92.0)	(7, 92.0)	(8, 92.0)	(9, 92.0)	(10, 92.0)	(11, 91.0)	(12, 91.0)	(13, 91.0)	(14, 90.0)	(15, 90.0)	(16, 89.0)	(17, 88.0)	(18, 88.0)	(19, 87.0)	(20, 85.0)	(21, 84.0)	(22, 83.0)	(23, 81.0)	(24, 79.0)	(25, 77.0)	(26, 75.0)	(27, 73.0)	(28, 70.0)	(29, 68.0)	(30, 66.0)	(31, 63.0)	(32, 61.0)	(33, 57.99999999999999)	(34, 56.00000000000001)	(35, 53.0)	(36, 51.0)	(37, 49.0)	(38, 46.0)	(39, 44.0)	(40, 42.0)	(41, 40.0)	(42, 38.0)	(43, 36.0)	(44, 34.0)	(45, 32.0)	(46, 30.0)	(47, 28.000000000000004)	(48, 26.0)	(49, 24.0)	(50, 23.0)	(51, 21.0)	(52, 20.0)	(53, 18.0)	(54, 17.0)	(55, 15.0)	(56, 14.000000000000002)	(57, 13.0)	(58, 11.0)	(59, 10.0)	(60, 9.0)	(61, 8.0)	(62, 7.000000000000001)	(63, 7.000000000000001)	(64, 6.0)	(65, 5.0)	(66, 5.0)	(67, 4.0)	(68, 4.0)	(69, 3.0)	(70, 3.0)	(71, 2.0)	(72, 2.0)	(73, 2.0)	(74, 2.0)	(75, 2.0)	(76, 1.0)	(77, 1.0)	(78, 1.0)	(79, 1.0)	(80, 1.0)	(81, 1.0)	(82, 1.0)	(83, 1.0)	(84, 1.0)	(85, 1.0)	(86, 1.0)	(87, 1.0)	(88, 1.0)	(89, 1.0)	(90, 1.0)
25006LRa100_T2T04_2_PoreC_05491	(0, 100.0)	(1, 94.0)	(2, 93.0)	(3, 93.0)	(4, 92.0)	(5, 92.0)	(6, 92.0)	(7, 92.0)	(8, 91.0)	(9, 91.0)	(10, 90.0)	(11, 90.0)	(12, 89.0)	(13, 88.0)	(14, 86.0)	(15, 85.0)	(16, 83.0)	(17, 81.0)	(18, 78.0)	(19, 76.0)	(20, 73.0)	(21, 70.0)	(22, 67.0)	(23, 64.0)	(24, 60.0)	(25, 56.99999999999999)	(26, 54.0)	(27, 51.0)	(28, 48.0)	(29, 45.0)	(30, 42.0)	(31, 39.0)	(32, 36.0)	(33, 34.0)	(34, 31.0)	(35, 28.999999999999996)	(36, 26.0)	(37, 24.0)	(38, 22.0)	(39, 20.0)	(40, 18.0)	(41, 16.0)	(42, 14.000000000000002)	(43, 13.0)	(44, 11.0)	(45, 10.0)	(46, 9.0)	(47, 7.000000000000001)	(48, 6.0)	(49, 6.0)	(50, 5.0)	(51, 4.0)	(52, 4.0)	(53, 3.0)	(54, 3.0)	(55, 2.0)	(56, 2.0)	(57, 2.0)	(58, 1.0)	(59, 1.0)	(60, 1.0)	(61, 1.0)	(62, 1.0)	(63, 1.0)	(64, 1.0)	(65, 1.0)	(66, 1.0)	(67, 1.0)	(68, 1.0)	(69, 1.0)	(70, 1.0)	(71, 1.0)	(72, 1.0)	(73, 1.0)	(74, 1.0)	(75, 1.0)	(76, 1.0)	(77, 1.0)	(78, 1.0)	(79, 1.0)											
25006LRa112_T2T13_PoreC_05519	(0, 100.0)	(1, 94.0)	(2, 93.0)	(3, 93.0)	(4, 92.0)	(5, 92.0)	(6, 92.0)	(7, 92.0)	(8, 92.0)	(9, 92.0)	(10, 91.0)	(11, 91.0)	(12, 91.0)	(13, 91.0)	(14, 91.0)	(15, 90.0)	(16, 90.0)	(17, 90.0)	(18, 89.0)	(19, 89.0)	(20, 88.0)	(21, 88.0)	(22, 87.0)	(23, 86.0)	(24, 86.0)	(25, 85.0)	(26, 84.0)	(27, 82.0)	(28, 81.0)	(29, 80.0)	(30, 78.0)	(31, 77.0)	(32, 75.0)	(33, 73.0)	(34, 71.0)	(35, 69.0)	(36, 67.0)	(37, 65.0)	(38, 62.0)	(39, 60.0)	(40, 56.99999999999999)	(41, 55.00000000000001)	(42, 52.0)	(43, 49.0)	(44, 46.0)	(45, 44.0)	(46, 41.0)	(47, 38.0)	(48, 35.0)	(49, 32.0)	(50, 28.999999999999996)	(51, 27.0)	(52, 24.0)	(53, 22.0)	(54, 19.0)	(55, 17.0)	(56, 15.0)	(57, 13.0)	(58, 11.0)	(59, 10.0)	(60, 8.0)	(61, 7.000000000000001)	(62, 6.0)	(63, 5.0)	(64, 4.0)	(65, 4.0)	(66, 3.0)	(67, 3.0)	(68, 2.0)	(69, 2.0)	(70, 2.0)	(71, 2.0)	(72, 1.0)	(73, 1.0)	(74, 1.0)	(75, 1.0)	(76, 1.0)	(77, 1.0)	(78, 1.0)	(79, 1.0)	(80, 1.0)	(81, 1.0)	(82, 1.0)	(83, 1.0)	(84, 1.0)	(85, 1.0)	(86, 1.0)	(87, 1.0)	(88, 1.0)	(89, 1.0)	(90, 1.0)
25006LRa112_T2T13_PoreC_06055	(0, 100.0)	(1, 93.0)	(2, 92.0)	(3, 92.0)	(4, 92.0)	(5, 91.0)	(6, 91.0)	(7, 91.0)	(8, 90.0)	(9, 89.0)	(10, 88.0)	(11, 87.0)	(12, 86.0)	(13, 84.0)	(14, 82.0)	(15, 79.0)	(16, 77.0)	(17, 73.0)	(18, 70.0)	(19, 66.0)	(20, 62.0)	(21, 57.99999999999999)	(22, 53.0)	(23, 49.0)	(24, 44.0)	(25, 39.0)	(26, 35.0)	(27, 30.0)	(28, 26.0)	(29, 22.0)	(30, 19.0)	(31, 15.0)	(32, 13.0)	(33, 10.0)	(34, 8.0)	(35, 7.000000000000001)	(36, 5.0)	(37, 4.0)	(38, 3.0)	(39, 3.0)	(40, 2.0)	(41, 2.0)	(42, 1.0)	(43, 1.0)	(44, 1.0)	(45, 1.0)	(46, 1.0)	(47, 1.0)	(48, 1.0)	(49, 1.0)	(50, 1.0)	(51, 1.0)	(52, 1.0)	(53, 1.0)	(54, 1.0)	(55, 1.0)	(56, 1.0)																																		
25006LRa113_T2T13_PoreC_05520	(0, 100.0)	(1, 94.0)	(2, 93.0)	(3, 93.0)	(4, 92.0)	(5, 92.0)	(6, 92.0)	(7, 92.0)	(8, 92.0)	(9, 92.0)	(10, 91.0)	(11, 91.0)	(12, 91.0)	(13, 91.0)	(14, 91.0)	(15, 90.0)	(16, 90.0)	(17, 90.0)	(18, 90.0)	(19, 89.0)	(20, 89.0)	(21, 88.0)	(22, 88.0)	(23, 87.0)	(24, 86.0)	(25, 85.0)	(26, 84.0)	(27, 83.0)	(28, 82.0)	(29, 81.0)	(30, 79.0)	(31, 78.0)	(32, 76.0)	(33, 75.0)	(34, 73.0)	(35, 71.0)	(36, 69.0)	(37, 67.0)	(38, 64.0)	(39, 62.0)	(40, 59.0)	(41, 56.99999999999999)	(42, 54.0)	(43, 52.0)	(44, 49.0)	(45, 46.0)	(46, 43.0)	(47, 41.0)	(48, 38.0)	(49, 35.0)	(50, 32.0)	(51, 28.999999999999996)	(52, 27.0)	(53, 24.0)	(54, 22.0)	(55, 19.0)	(56, 17.0)	(57, 15.0)	(58, 13.0)	(59, 12.0)	(60, 10.0)	(61, 9.0)	(62, 7.000000000000001)	(63, 6.0)	(64, 5.0)	(65, 5.0)	(66, 4.0)	(67, 3.0)	(68, 3.0)	(69, 3.0)	(70, 2.0)	(71, 2.0)	(72, 2.0)	(73, 2.0)	(74, 1.0)	(75, 1.0)	(76, 1.0)	(77, 1.0)	(78, 1.0)	(79, 1.0)	(80, 1.0)	(81, 1.0)	(82, 1.0)	(83, 1.0)	(84, 1.0)	(85, 1.0)	(86, 1.0)	(87, 1.0)	(88, 1.0)	(89, 1.0)	(90, 1.0)
25006LRa114_T2T14_PoreC_05521	(0, 100.0)	(1, 94.0)	(2, 93.0)	(3, 93.0)	(4, 92.0)	(5, 92.0)	(6, 92.0)	(7, 92.0)	(8, 92.0)	(9, 91.0)	(10, 91.0)	(11, 91.0)	(12, 91.0)	(13, 90.0)	(14, 90.0)	(15, 89.0)	(16, 89.0)	(17, 88.0)	(18, 87.0)	(19, 86.0)	(20, 85.0)	(21, 83.0)	(22, 82.0)	(23, 80.0)	(24, 78.0)	(25, 75.0)	(26, 73.0)	(27, 70.0)	(28, 68.0)	(29, 65.0)	(30, 62.0)	(31, 59.0)	(32, 56.00000000000001)	(33, 53.0)	(34, 50.0)	(35, 48.0)	(36, 45.0)	(37, 42.0)	(38, 40.0)	(39, 37.0)	(40, 35.0)	(41, 32.0)	(42, 30.0)	(43, 28.000000000000004)	(44, 26.0)	(45, 24.0)	(46, 22.0)	(47, 20.0)	(48, 18.0)	(49, 16.0)	(50, 15.0)	(51, 13.0)	(52, 12.0)	(53, 11.0)	(54, 9.0)	(55, 8.0)	(56, 7.000000000000001)	(57, 6.0)	(58, 6.0)	(59, 5.0)	(60, 4.0)	(61, 4.0)	(62, 3.0)	(63, 3.0)	(64, 2.0)	(65, 2.0)	(66, 2.0)	(67, 2.0)	(68, 2.0)	(69, 1.0)	(70, 1.0)	(71, 1.0)	(72, 1.0)	(73, 1.0)	(74, 1.0)	(75, 1.0)	(76, 1.0)	(77, 1.0)	(78, 1.0)	(79, 1.0)	(80, 1.0)	(81, 1.0)	(82, 1.0)	(83, 1.0)	(84, 1.0)	(85, 1.0)	(86, 1.0)	(87, 1.0)	(88, 1.0)	(89, 1.0)	(90, 1.0)
25006LRa115_T2T14_PoreC_05522	(0, 100.0)	(1, 94.0)	(2, 93.0)	(3, 93.0)	(4, 93.0)	(5, 92.0)	(6, 92.0)	(7, 92.0)	(8, 92.0)	(9, 92.0)	(10, 92.0)	(11, 91.0)	(12, 91.0)	(13, 91.0)	(14, 91.0)	(15, 91.0)	(16, 90.0)	(17, 90.0)	(18, 90.0)	(19, 89.0)	(20, 89.0)	(21, 88.0)	(22, 88.0)	(23, 87.0)	(24, 86.0)	(25, 85.0)	(26, 84.0)	(27, 83.0)	(28, 82.0)	(29, 80.0)	(30, 78.0)	(31, 77.0)	(32, 75.0)	(33, 73.0)	(34, 71.0)	(35, 69.0)	(36, 66.0)	(37, 64.0)	(38, 62.0)	(39, 60.0)	(40, 56.99999999999999)	(41, 55.00000000000001)	(42, 53.0)	(43, 51.0)	(44, 48.0)	(45, 46.0)	(46, 44.0)	(47, 42.0)	(48, 40.0)	(49, 38.0)	(50, 36.0)	(51, 34.0)	(52, 32.0)	(53, 30.0)	(54, 28.999999999999996)	(55, 27.0)	(56, 25.0)	(57, 24.0)	(58, 22.0)	(59, 21.0)	(60, 19.0)	(61, 18.0)	(62, 17.0)	(63, 15.0)	(64, 14.000000000000002)	(65, 13.0)	(66, 12.0)	(67, 11.0)	(68, 10.0)	(69, 9.0)	(70, 8.0)	(71, 7.000000000000001)	(72, 7.000000000000001)	(73, 6.0)	(74, 6.0)	(75, 5.0)	(76, 4.0)	(77, 4.0)	(78, 4.0)	(79, 3.0)	(80, 3.0)	(81, 3.0)	(82, 2.0)	(83, 2.0)	(84, 2.0)	(85, 2.0)	(86, 2.0)	(87, 2.0)	(88, 1.0)	(89, 1.0)	(90, 1.0)
25006LRa116_T2T01_PoreC_05523	(0, 100.0)	(1, 94.0)	(2, 93.0)	(3, 93.0)	(4, 93.0)	(5, 92.0)	(6, 92.0)	(7, 92.0)	(8, 92.0)	(9, 92.0)	(10, 91.0)	(11, 91.0)	(12, 91.0)	(13, 91.0)	(14, 90.0)	(15, 90.0)	(16, 89.0)	(17, 89.0)	(18, 88.0)	(19, 87.0)	(20, 87.0)	(21, 86.0)	(22, 85.0)	(23, 83.0)	(24, 82.0)	(25, 81.0)	(26, 79.0)	(27, 78.0)	(28, 76.0)	(29, 74.0)	(30, 72.0)	(31, 70.0)	(32, 67.0)	(33, 65.0)	(34, 62.0)	(35, 59.0)	(36, 56.00000000000001)	(37, 52.0)	(38, 49.0)	(39, 45.0)	(40, 42.0)	(41, 38.0)	(42, 34.0)	(43, 31.0)	(44, 27.0)	(45, 24.0)	(46, 21.0)	(47, 18.0)	(48, 16.0)	(49, 13.0)	(50, 11.0)	(51, 9.0)	(52, 8.0)	(53, 7.000000000000001)	(54, 5.0)	(55, 4.0)	(56, 4.0)	(57, 3.0)	(58, 3.0)	(59, 2.0)	(60, 2.0)	(61, 2.0)	(62, 1.0)	(63, 1.0)	(64, 1.0)	(65, 1.0)	(66, 1.0)	(67, 1.0)	(68, 1.0)	(69, 1.0)	(70, 1.0)	(71, 1.0)	(72, 1.0)	(73, 1.0)	(74, 1.0)	(75, 1.0)	(76, 1.0)	(77, 1.0)	(78, 1.0)	(79, 1.0)	(80, 1.0)	(81, 1.0)	(82, 1.0)								
25006LRa117_T2T02_PoreC_05524	(0, 100.0)	(1, 95.0)	(2, 94.0)	(3, 94.0)	(4, 94.0)	(5, 93.0)	(6, 93.0)	(7, 93.0)	(8, 92.0)	(9, 92.0)	(10, 91.0)	(11, 91.0)	(12, 90.0)	(13, 89.0)	(14, 88.0)	(15, 87.0)	(16, 85.0)	(17, 84.0)	(18, 82.0)	(19, 79.0)	(20, 77.0)	(21, 74.0)	(22, 71.0)	(23, 68.0)	(24, 65.0)	(25, 62.0)	(26, 57.99999999999999)	(27, 55.00000000000001)	(28, 52.0)	(29, 48.0)	(30, 45.0)	(31, 42.0)	(32, 40.0)	(33, 37.0)	(34, 35.0)	(35, 32.0)	(36, 30.0)	(37, 28.000000000000004)	(38, 26.0)	(39, 24.0)	(40, 23.0)	(41, 21.0)	(42, 20.0)	(43, 18.0)	(44, 17.0)	(45, 16.0)	(46, 14.000000000000002)	(47, 13.0)	(48, 12.0)	(49, 11.0)	(50, 10.0)	(51, 9.0)	(52, 9.0)	(53, 8.0)	(54, 7.000000000000001)	(55, 7.000000000000001)	(56, 6.0)	(57, 5.0)	(58, 5.0)	(59, 4.0)	(60, 4.0)	(61, 3.0)	(62, 3.0)	(63, 3.0)	(64, 3.0)	(65, 2.0)	(66, 2.0)	(67, 2.0)	(68, 2.0)	(69, 2.0)	(70, 1.0)	(71, 1.0)	(72, 1.0)	(73, 1.0)	(74, 1.0)	(75, 1.0)	(76, 1.0)	(77, 1.0)	(78, 1.0)	(79, 1.0)	(80, 1.0)	(81, 1.0)	(82, 1.0)	(83, 1.0)	(84, 1.0)	(85, 1.0)	(86, 1.0)	(87, 1.0)	(88, 1.0)	(89, 1.0)	(90, 1.0)
25006LRa118_T2T03_PoreC_05525	(0, 100.0)	(1, 93.0)	(2, 93.0)	(3, 92.0)	(4, 92.0)	(5, 92.0)	(6, 91.0)	(7, 91.0)	(8, 90.0)	(9, 90.0)	(10, 89.0)	(11, 88.0)	(12, 87.0)	(13, 85.0)	(14, 83.0)	(15, 81.0)	(16, 79.0)	(17, 76.0)	(18, 74.0)	(19, 71.0)	(20, 67.0)	(21, 64.0)	(22, 60.0)	(23, 56.00000000000001)	(24, 52.0)	(25, 48.0)	(26, 44.0)	(27, 39.0)	(28, 35.0)	(29, 31.0)	(30, 27.0)	(31, 23.0)	(32, 20.0)	(33, 17.0)	(34, 14.000000000000002)	(35, 11.0)	(36, 9.0)	(37, 8.0)	(38, 6.0)	(39, 5.0)	(40, 4.0)	(41, 3.0)	(42, 2.0)	(43, 2.0)	(44, 2.0)	(45, 1.0)	(46, 1.0)	(47, 1.0)	(48, 1.0)	(49, 1.0)	(50, 1.0)	(51, 1.0)	(52, 1.0)	(53, 1.0)	(54, 1.0)	(55, 1.0)	(56, 1.0)	(57, 1.0)	(58, 1.0)																																
25006LRa119_T2T05_PoreC_05526	(0, 100.0)	(1, 95.0)	(2, 94.0)	(3, 94.0)	(4, 94.0)	(5, 94.0)	(6, 93.0)	(7, 93.0)	(8, 93.0)	(9, 93.0)	(10, 93.0)	(11, 92.0)	(12, 92.0)	(13, 92.0)	(14, 92.0)	(15, 91.0)	(16, 91.0)	(17, 90.0)	(18, 90.0)	(19, 90.0)	(20, 89.0)	(21, 88.0)	(22, 88.0)	(23, 87.0)	(24, 86.0)	(25, 85.0)	(26, 84.0)	(27, 83.0)	(28, 82.0)	(29, 81.0)	(30, 80.0)	(31, 79.0)	(32, 77.0)	(33, 76.0)	(34, 75.0)	(35, 73.0)	(36, 72.0)	(37, 70.0)	(38, 69.0)	(39, 67.0)	(40, 66.0)	(41, 64.0)	(42, 62.0)	(43, 60.0)	(44, 57.99999999999999)	(45, 56.00000000000001)	(46, 54.0)	(47, 52.0)	(48, 49.0)	(49, 47.0)	(50, 44.0)	(51, 42.0)	(52, 39.0)	(53, 36.0)	(54, 34.0)	(55, 31.0)	(56, 28.999999999999996)	(57, 26.0)	(58, 24.0)	(59, 21.0)	(60, 19.0)	(61, 17.0)	(62, 15.0)	(63, 13.0)	(64, 11.0)	(65, 10.0)	(66, 9.0)	(67, 7.000000000000001)	(68, 6.0)	(69, 5.0)	(70, 5.0)	(71, 4.0)	(72, 3.0)	(73, 3.0)	(74, 2.0)	(75, 2.0)	(76, 2.0)	(77, 2.0)	(78, 1.0)	(79, 1.0)	(80, 1.0)	(81, 1.0)	(82, 1.0)	(83, 1.0)	(84, 1.0)	(85, 1.0)	(86, 1.0)	(87, 1.0)	(88, 1.0)	(89, 1.0)	(90, 1.0)
25006LRa120_T2T06_PoreC_05527	(0, 100.0)	(1, 95.0)	(2, 94.0)	(3, 93.0)	(4, 93.0)	(5, 92.0)	(6, 90.0)	(7, 89.0)	(8, 87.0)	(9, 84.0)	(10, 80.0)	(11, 76.0)	(12, 72.0)	(13, 67.0)	(14, 61.0)	(15, 56.00000000000001)	(16, 51.0)	(17, 46.0)	(18, 41.0)	(19, 36.0)	(20, 32.0)	(21, 28.999999999999996)	(22, 25.0)	(23, 23.0)	(24, 20.0)	(25, 18.0)	(26, 16.0)	(27, 14.000000000000002)	(28, 12.0)	(29, 11.0)	(30, 10.0)	(31, 8.0)	(32, 7.000000000000001)	(33, 6.0)	(34, 6.0)	(35, 5.0)	(36, 4.0)	(37, 4.0)	(38, 3.0)	(39, 3.0)	(40, 2.0)	(41, 2.0)	(42, 2.0)	(43, 2.0)	(44, 1.0)	(45, 1.0)	(46, 1.0)	(47, 1.0)	(48, 1.0)	(49, 1.0)	(50, 1.0)	(51, 1.0)	(52, 1.0)	(53, 1.0)	(54, 1.0)	(55, 1.0)	(56, 1.0)	(57, 1.0)	(58, 1.0)																																
25006LRa121_T2T07_PoreC_05528	(0, 100.0)	(1, 94.0)	(2, 93.0)	(3, 93.0)	(4, 92.0)	(5, 92.0)	(6, 92.0)	(7, 92.0)	(8, 92.0)	(9, 92.0)	(10, 92.0)	(11, 91.0)	(12, 91.0)	(13, 91.0)	(14, 91.0)	(15, 90.0)	(16, 90.0)	(17, 90.0)	(18, 89.0)	(19, 89.0)	(20, 88.0)	(21, 88.0)	(22, 87.0)	(23, 86.0)	(24, 85.0)	(25, 84.0)	(26, 83.0)	(27, 82.0)	(28, 81.0)	(29, 79.0)	(30, 78.0)	(31, 76.0)	(32, 75.0)	(33, 73.0)	(34, 71.0)	(35, 69.0)	(36, 67.0)	(37, 65.0)	(38, 63.0)	(39, 61.0)	(40, 59.0)	(41, 56.00000000000001)	(42, 54.0)	(43, 52.0)	(44, 49.0)	(45, 47.0)	(46, 44.0)	(47, 42.0)	(48, 39.0)	(49, 36.0)	(50, 34.0)	(51, 31.0)	(52, 28.999999999999996)	(53, 26.0)	(54, 24.0)	(55, 22.0)	(56, 19.0)	(57, 17.0)	(58, 15.0)	(59, 14.000000000000002)	(60, 12.0)	(61, 10.0)	(62, 9.0)	(63, 8.0)	(64, 7.000000000000001)	(65, 6.0)	(66, 5.0)	(67, 4.0)	(68, 4.0)	(69, 3.0)	(70, 3.0)	(71, 2.0)	(72, 2.0)	(73, 2.0)	(74, 2.0)	(75, 1.0)	(76, 1.0)	(77, 1.0)	(78, 1.0)	(79, 1.0)	(80, 1.0)	(81, 1.0)	(82, 1.0)	(83, 1.0)	(84, 1.0)	(85, 1.0)	(86, 1.0)	(87, 1.0)	(88, 1.0)	(89, 1.0)	(90, 1.0)
25006LRa122_T2T08_PoreC_05529	(0, 100.0)	(1, 94.0)	(2, 93.0)	(3, 93.0)	(4, 92.0)	(5, 92.0)	(6, 92.0)	(7, 92.0)	(8, 92.0)	(9, 91.0)	(10, 91.0)	(11, 91.0)	(12, 90.0)	(13, 90.0)	(14, 89.0)	(15, 89.0)	(16, 88.0)	(17, 87.0)	(18, 86.0)	(19, 84.0)	(20, 83.0)	(21, 80.0)	(22, 78.0)	(23, 75.0)	(24, 72.0)	(25, 69.0)	(26, 65.0)	(27, 61.0)	(28, 57.99999999999999)	(29, 54.0)	(30, 50.0)	(31, 46.0)	(32, 43.0)	(33, 39.0)	(34, 36.0)	(35, 32.0)	(36, 28.999999999999996)	(37, 26.0)	(38, 24.0)	(39, 21.0)	(40, 19.0)	(41, 16.0)	(42, 14.000000000000002)	(43, 13.0)	(44, 11.0)	(45, 9.0)	(46, 8.0)	(47, 7.000000000000001)	(48, 6.0)	(49, 5.0)	(50, 4.0)	(51, 4.0)	(52, 3.0)	(53, 3.0)	(54, 2.0)	(55, 2.0)	(56, 2.0)	(57, 1.0)	(58, 1.0)	(59, 1.0)	(60, 1.0)	(61, 1.0)	(62, 1.0)	(63, 1.0)	(64, 1.0)	(65, 1.0)	(66, 1.0)	(67, 1.0)	(68, 1.0)	(69, 1.0)	(70, 1.0)	(71, 1.0)	(72, 1.0)	(73, 1.0)	(74, 1.0)	(75, 1.0)	(76, 1.0)	(77, 1.0)	(78, 1.0)												
25006LRa123_T2T09_PoreC_05530	(0, 100.0)	(1, 95.0)	(2, 94.0)	(3, 94.0)	(4, 93.0)	(5, 93.0)	(6, 93.0)	(7, 93.0)	(8, 92.0)	(9, 92.0)	(10, 91.0)	(11, 91.0)	(12, 90.0)	(13, 89.0)	(14, 88.0)	(15, 87.0)	(16, 86.0)	(17, 85.0)	(18, 83.0)	(19, 81.0)	(20, 79.0)	(21, 76.0)	(22, 74.0)	(23, 70.0)	(24, 67.0)	(25, 63.0)	(26, 60.0)	(27, 56.00000000000001)	(28, 52.0)	(29, 49.0)	(30, 45.0)	(31, 42.0)	(32, 39.0)	(33, 36.0)	(34, 33.0)	(35, 30.0)	(36, 28.000000000000004)	(37, 26.0)	(38, 23.0)	(39, 22.0)	(40, 20.0)	(41, 18.0)	(42, 17.0)	(43, 15.0)	(44, 14.000000000000002)	(45, 13.0)	(46, 12.0)	(47, 11.0)	(48, 10.0)	(49, 9.0)	(50, 8.0)	(51, 7.000000000000001)	(52, 6.0)	(53, 6.0)	(54, 5.0)	(55, 5.0)	(56, 4.0)	(57, 4.0)	(58, 3.0)	(59, 3.0)	(60, 3.0)	(61, 2.0)	(62, 2.0)	(63, 2.0)	(64, 2.0)	(65, 2.0)	(66, 1.0)	(67, 1.0)	(68, 1.0)	(69, 1.0)	(70, 1.0)	(71, 1.0)	(72, 1.0)	(73, 1.0)	(74, 1.0)	(75, 1.0)	(76, 1.0)	(77, 1.0)	(78, 1.0)	(79, 1.0)	(80, 1.0)	(81, 1.0)	(82, 1.0)	(83, 1.0)	(84, 1.0)	(85, 1.0)	(86, 1.0)	(87, 1.0)	(88, 1.0)	(89, 1.0)	(90, 1.0)
25006LRa124_T2T10_PoreC_05531	(0, 100.0)	(1, 94.0)	(2, 93.0)	(3, 93.0)	(4, 92.0)	(5, 92.0)	(6, 92.0)	(7, 92.0)	(8, 92.0)	(9, 92.0)	(10, 91.0)	(11, 91.0)	(12, 91.0)	(13, 91.0)	(14, 90.0)	(15, 90.0)	(16, 90.0)	(17, 89.0)	(18, 89.0)	(19, 88.0)	(20, 87.0)	(21, 86.0)	(22, 85.0)	(23, 83.0)	(24, 82.0)	(25, 80.0)	(26, 78.0)	(27, 76.0)	(28, 73.0)	(29, 71.0)	(30, 69.0)	(31, 66.0)	(32, 63.0)	(33, 61.0)	(34, 57.99999999999999)	(35, 56.00000000000001)	(36, 53.0)	(37, 51.0)	(38, 49.0)	(39, 46.0)	(40, 44.0)	(41, 42.0)	(42, 40.0)	(43, 38.0)	(44, 36.0)	(45, 34.0)	(46, 33.0)	(47, 31.0)	(48, 30.0)	(49, 28.000000000000004)	(50, 27.0)	(51, 25.0)	(52, 24.0)	(53, 23.0)	(54, 22.0)	(55, 21.0)	(56, 19.0)	(57, 18.0)	(58, 17.0)	(59, 16.0)	(60, 16.0)	(61, 15.0)	(62, 14.000000000000002)	(63, 13.0)	(64, 12.0)	(65, 11.0)	(66, 11.0)	(67, 10.0)	(68, 9.0)	(69, 9.0)	(70, 8.0)	(71, 8.0)	(72, 7.000000000000001)	(73, 7.000000000000001)	(74, 6.0)	(75, 6.0)	(76, 5.0)	(77, 5.0)	(78, 4.0)	(79, 4.0)	(80, 4.0)	(81, 3.0)	(82, 3.0)	(83, 3.0)	(84, 3.0)	(85, 2.0)	(86, 2.0)	(87, 2.0)	(88, 2.0)	(89, 2.0)	(90, 2.0)
25006LRa145_T2T12_PoreC_06052	(0, 100.0)	(1, 94.0)	(2, 93.0)	(3, 93.0)	(4, 93.0)	(5, 92.0)	(6, 92.0)	(7, 92.0)	(8, 92.0)	(9, 92.0)	(10, 92.0)	(11, 91.0)	(12, 91.0)	(13, 91.0)	(14, 91.0)	(15, 90.0)	(16, 90.0)	(17, 89.0)	(18, 89.0)	(19, 88.0)	(20, 88.0)	(21, 87.0)	(22, 86.0)	(23, 85.0)	(24, 84.0)	(25, 83.0)	(26, 82.0)	(27, 81.0)	(28, 80.0)	(29, 79.0)	(30, 77.0)	(31, 76.0)	(32, 74.0)	(33, 73.0)	(34, 71.0)	(35, 69.0)	(36, 68.0)	(37, 66.0)	(38, 64.0)	(39, 62.0)	(40, 60.0)	(41, 57.99999999999999)	(42, 56.99999999999999)	(43, 54.0)	(44, 52.0)	(45, 50.0)	(46, 48.0)	(47, 46.0)	(48, 44.0)	(49, 42.0)	(50, 39.0)	(51, 37.0)	(52, 35.0)	(53, 32.0)	(54, 30.0)	(55, 28.000000000000004)	(56, 26.0)	(57, 24.0)	(58, 22.0)	(59, 20.0)	(60, 18.0)	(61, 16.0)	(62, 14.000000000000002)	(63, 13.0)	(64, 11.0)	(65, 10.0)	(66, 8.0)	(67, 7.000000000000001)	(68, 6.0)	(69, 6.0)	(70, 5.0)	(71, 4.0)	(72, 4.0)	(73, 3.0)	(74, 3.0)	(75, 2.0)	(76, 2.0)	(77, 2.0)	(78, 2.0)	(79, 1.0)	(80, 1.0)	(81, 1.0)	(82, 1.0)	(83, 1.0)	(84, 1.0)	(85, 1.0)	(86, 1.0)	(87, 1.0)	(88, 1.0)	(89, 1.0)	(90, 1.0)
25006LRa168_T2T17_PoreC_05787	(0, 100.0)	(1, 95.0)	(2, 94.0)	(3, 94.0)	(4, 94.0)	(5, 93.0)	(6, 93.0)	(7, 93.0)	(8, 93.0)	(9, 92.0)	(10, 92.0)	(11, 92.0)	(12, 91.0)	(13, 91.0)	(14, 90.0)	(15, 89.0)	(16, 89.0)	(17, 88.0)	(18, 87.0)	(19, 86.0)	(20, 85.0)	(21, 83.0)	(22, 82.0)	(23, 80.0)	(24, 79.0)	(25, 77.0)	(26, 75.0)	(27, 73.0)	(28, 71.0)	(29, 69.0)	(30, 67.0)	(31, 64.0)	(32, 62.0)	(33, 59.0)	(34, 56.99999999999999)	(35, 54.0)	(36, 52.0)	(37, 49.0)	(38, 46.0)	(39, 44.0)	(40, 41.0)	(41, 38.0)	(42, 36.0)	(43, 33.0)	(44, 30.0)	(45, 28.000000000000004)	(46, 25.0)	(47, 23.0)	(48, 21.0)	(49, 19.0)	(50, 17.0)	(51, 15.0)	(52, 13.0)	(53, 11.0)	(54, 10.0)	(55, 9.0)	(56, 7.000000000000001)	(57, 6.0)	(58, 5.0)	(59, 5.0)	(60, 4.0)	(61, 3.0)	(62, 3.0)	(63, 3.0)	(64, 2.0)	(65, 2.0)	(66, 2.0)	(67, 2.0)	(68, 1.0)	(69, 1.0)	(70, 1.0)	(71, 1.0)	(72, 1.0)	(73, 1.0)	(74, 1.0)	(75, 1.0)	(76, 1.0)	(77, 1.0)	(78, 1.0)	(79, 1.0)	(80, 1.0)	(81, 1.0)	(82, 1.0)	(83, 1.0)	(84, 1.0)	(85, 1.0)	(86, 1.0)	(87, 1.0)	(88, 1.0)	(89, 1.0)	(90, 1.0)
25006LRa169_T2T17_PoreC_05788	(0, 100.0)	(1, 95.0)	(2, 94.0)	(3, 94.0)	(4, 93.0)	(5, 93.0)	(6, 93.0)	(7, 92.0)	(8, 91.0)	(9, 91.0)	(10, 90.0)	(11, 89.0)	(12, 88.0)	(13, 87.0)	(14, 85.0)	(15, 83.0)	(16, 82.0)	(17, 79.0)	(18, 77.0)	(19, 74.0)	(20, 72.0)	(21, 69.0)	(22, 66.0)	(23, 63.0)	(24, 59.0)	(25, 56.00000000000001)	(26, 52.0)	(27, 49.0)	(28, 45.0)	(29, 42.0)	(30, 38.0)	(31, 34.0)	(32, 31.0)	(33, 28.000000000000004)	(34, 25.0)	(35, 22.0)	(36, 19.0)	(37, 16.0)	(38, 14.000000000000002)	(39, 12.0)	(40, 10.0)	(41, 8.0)	(42, 7.000000000000001)	(43, 6.0)	(44, 5.0)	(45, 4.0)	(46, 3.0)	(47, 3.0)	(48, 2.0)	(49, 2.0)	(50, 2.0)	(51, 1.0)	(52, 1.0)	(53, 1.0)	(54, 1.0)	(55, 1.0)	(56, 1.0)	(57, 1.0)	(58, 1.0)	(59, 1.0)	(60, 1.0)	(61, 1.0)	(62, 1.0)	(63, 1.0)	(64, 1.0)	(65, 1.0)	(66, 1.0)	(67, 1.0)	(68, 1.0)																						
25006LRa170_T2T18_PoreC_05789	(0, 100.0)	(1, 95.0)	(2, 94.0)	(3, 94.0)	(4, 93.0)	(5, 93.0)	(6, 92.0)	(7, 92.0)	(8, 91.0)	(9, 90.0)	(10, 89.0)	(11, 88.0)	(12, 87.0)	(13, 85.0)	(14, 83.0)	(15, 81.0)	(16, 79.0)	(17, 76.0)	(18, 73.0)	(19, 70.0)	(20, 67.0)	(21, 64.0)	(22, 61.0)	(23, 56.99999999999999)	(24, 54.0)	(25, 51.0)	(26, 47.0)	(27, 44.0)	(28, 40.0)	(29, 37.0)	(30, 33.0)	(31, 30.0)	(32, 27.0)	(33, 24.0)	(34, 21.0)	(35, 19.0)	(36, 16.0)	(37, 14.000000000000002)	(38, 12.0)	(39, 10.0)	(40, 8.0)	(41, 7.000000000000001)	(42, 6.0)	(43, 5.0)	(44, 4.0)	(45, 3.0)	(46, 3.0)	(47, 2.0)	(48, 2.0)	(49, 2.0)	(50, 1.0)	(51, 1.0)	(52, 1.0)	(53, 1.0)	(54, 1.0)	(55, 1.0)	(56, 1.0)	(57, 1.0)	(58, 1.0)	(59, 1.0)	(60, 1.0)	(61, 1.0)	(62, 1.0)	(63, 1.0)	(64, 1.0)	(65, 1.0)																									
25006LRa171_T2T18_PoreC_05790	(0, 100.0)	(1, 95.0)	(2, 94.0)	(3, 93.0)	(4, 93.0)	(5, 92.0)	(6, 91.0)	(7, 90.0)	(8, 88.0)	(9, 86.0)	(10, 84.0)	(11, 81.0)	(12, 78.0)	(13, 74.0)	(14, 70.0)	(15, 66.0)	(16, 62.0)	(17, 57.99999999999999)	(18, 53.0)	(19, 49.0)	(20, 44.0)	(21, 40.0)	(22, 36.0)	(23, 31.0)	(24, 27.0)	(25, 24.0)	(26, 20.0)	(27, 17.0)	(28, 14.000000000000002)	(29, 12.0)	(30, 10.0)	(31, 8.0)	(32, 6.0)	(33, 5.0)	(34, 4.0)	(35, 3.0)	(36, 3.0)	(37, 2.0)	(38, 2.0)	(39, 1.0)	(40, 1.0)	(41, 1.0)	(42, 1.0)	(43, 1.0)	(44, 1.0)	(45, 1.0)	(46, 1.0)	(47, 1.0)	(48, 1.0)	(49, 1.0)	(50, 1.0)																																								
25006LRa172_T2T19_PoreC_05791	(0, 100.0)	(1, 95.0)	(2, 94.0)	(3, 94.0)	(4, 93.0)	(5, 93.0)	(6, 93.0)	(7, 92.0)	(8, 92.0)	(9, 92.0)	(10, 91.0)	(11, 91.0)	(12, 90.0)	(13, 90.0)	(14, 89.0)	(15, 88.0)	(16, 87.0)	(17, 86.0)	(18, 84.0)	(19, 83.0)	(20, 81.0)	(21, 79.0)	(22, 77.0)	(23, 75.0)	(24, 72.0)	(25, 69.0)	(26, 66.0)	(27, 63.0)	(28, 60.0)	(29, 56.00000000000001)	(30, 53.0)	(31, 49.0)	(32, 46.0)	(33, 42.0)	(34, 39.0)	(35, 35.0)	(36, 32.0)	(37, 28.999999999999996)	(38, 26.0)	(39, 23.0)	(40, 20.0)	(41, 18.0)	(42, 15.0)	(43, 13.0)	(44, 11.0)	(45, 10.0)	(46, 8.0)	(47, 7.000000000000001)	(48, 6.0)	(49, 5.0)	(50, 4.0)	(51, 4.0)	(52, 3.0)	(53, 3.0)	(54, 2.0)	(55, 2.0)	(56, 2.0)	(57, 1.0)	(58, 1.0)	(59, 1.0)	(60, 1.0)	(61, 1.0)	(62, 1.0)	(63, 1.0)	(64, 1.0)	(65, 1.0)	(66, 1.0)	(67, 1.0)	(68, 1.0)	(69, 1.0)	(70, 1.0)	(71, 1.0)	(72, 1.0)	(73, 1.0)	(74, 1.0)	(75, 1.0)	(76, 1.0)	(77, 1.0)	(78, 1.0)	(79, 1.0)	(80, 1.0)	(81, 1.0)									
25006LRa173_T2T19_PoreC_05792	(0, 100.0)	(1, 95.0)	(2, 94.0)	(3, 94.0)	(4, 93.0)	(5, 93.0)	(6, 93.0)	(7, 92.0)	(8, 92.0)	(9, 92.0)	(10, 91.0)	(11, 90.0)	(12, 90.0)	(13, 89.0)	(14, 88.0)	(15, 87.0)	(16, 86.0)	(17, 84.0)	(18, 83.0)	(19, 81.0)	(20, 79.0)	(21, 77.0)	(22, 74.0)	(23, 71.0)	(24, 68.0)	(25, 65.0)	(26, 62.0)	(27, 59.0)	(28, 55.00000000000001)	(29, 51.0)	(30, 48.0)	(31, 44.0)	(32, 40.0)	(33, 37.0)	(34, 33.0)	(35, 30.0)	(36, 27.0)	(37, 24.0)	(38, 21.0)	(39, 18.0)	(40, 16.0)	(41, 14.000000000000002)	(42, 12.0)	(43, 10.0)	(44, 9.0)	(45, 7.000000000000001)	(46, 6.0)	(47, 5.0)	(48, 4.0)	(49, 4.0)	(50, 3.0)	(51, 3.0)	(52, 2.0)	(53, 2.0)	(54, 2.0)	(55, 1.0)	(56, 1.0)	(57, 1.0)	(58, 1.0)	(59, 1.0)	(60, 1.0)	(61, 1.0)	(62, 1.0)	(63, 1.0)	(64, 1.0)	(65, 1.0)	(66, 1.0)	(67, 1.0)	(68, 1.0)	(69, 1.0)	(70, 1.0)	(71, 1.0)	(72, 1.0)	(73, 1.0)	(74, 1.0)	(75, 1.0)	(76, 1.0)	(77, 1.0)	(78, 1.0)	(79, 1.0)											
25006LRa192_T2T00-1_PoreC_05915	(0, 100.0)	(1, 95.0)	(2, 94.0)	(3, 94.0)	(4, 93.0)	(5, 93.0)	(6, 93.0)	(7, 93.0)	(8, 92.0)	(9, 92.0)	(10, 92.0)	(11, 91.0)	(12, 91.0)	(13, 90.0)	(14, 90.0)	(15, 89.0)	(16, 88.0)	(17, 88.0)	(18, 87.0)	(19, 86.0)	(20, 84.0)	(21, 83.0)	(22, 82.0)	(23, 80.0)	(24, 79.0)	(25, 77.0)	(26, 75.0)	(27, 73.0)	(28, 71.0)	(29, 68.0)	(30, 66.0)	(31, 64.0)	(32, 61.0)	(33, 59.0)	(34, 56.00000000000001)	(35, 53.0)	(36, 51.0)	(37, 48.0)	(38, 46.0)	(39, 43.0)	(40, 41.0)	(41, 38.0)	(42, 36.0)	(43, 33.0)	(44, 31.0)	(45, 28.000000000000004)	(46, 26.0)	(47, 24.0)	(48, 22.0)	(49, 20.0)	(50, 18.0)	(51, 16.0)	(52, 14.000000000000002)	(53, 13.0)	(54, 11.0)	(55, 10.0)	(56, 9.0)	(57, 8.0)	(58, 7.000000000000001)	(59, 6.0)	(60, 5.0)	(61, 4.0)	(62, 4.0)	(63, 3.0)	(64, 3.0)	(65, 2.0)	(66, 2.0)	(67, 2.0)	(68, 2.0)	(69, 1.0)	(70, 1.0)	(71, 1.0)	(72, 1.0)	(73, 1.0)	(74, 1.0)	(75, 1.0)	(76, 1.0)	(77, 1.0)	(78, 1.0)	(79, 1.0)	(80, 1.0)	(81, 1.0)	(82, 1.0)	(83, 1.0)	(84, 1.0)	(85, 1.0)	(86, 1.0)	(87, 1.0)	(88, 1.0)	(89, 1.0)	(90, 1.0)
25006LRa193_T2T00-1_PoreC_05916	(0, 100.0)	(1, 95.0)	(2, 94.0)	(3, 94.0)	(4, 93.0)	(5, 93.0)	(6, 93.0)	(7, 93.0)	(8, 92.0)	(9, 92.0)	(10, 91.0)	(11, 91.0)	(12, 90.0)	(13, 89.0)	(14, 89.0)	(15, 88.0)	(16, 87.0)	(17, 86.0)	(18, 84.0)	(19, 83.0)	(20, 81.0)	(21, 80.0)	(22, 78.0)	(23, 76.0)	(24, 73.0)	(25, 71.0)	(26, 69.0)	(27, 66.0)	(28, 63.0)	(29, 61.0)	(30, 57.99999999999999)	(31, 55.00000000000001)	(32, 52.0)	(33, 50.0)	(34, 47.0)	(35, 44.0)	(36, 41.0)	(37, 38.0)	(38, 36.0)	(39, 33.0)	(40, 30.0)	(41, 28.000000000000004)	(42, 25.0)	(43, 23.0)	(44, 21.0)	(45, 19.0)	(46, 17.0)	(47, 15.0)	(48, 13.0)	(49, 11.0)	(50, 10.0)	(51, 9.0)	(52, 7.000000000000001)	(53, 6.0)	(54, 5.0)	(55, 5.0)	(56, 4.0)	(57, 3.0)	(58, 3.0)	(59, 3.0)	(60, 2.0)	(61, 2.0)	(62, 2.0)	(63, 2.0)	(64, 1.0)	(65, 1.0)	(66, 1.0)	(67, 1.0)	(68, 1.0)	(69, 1.0)	(70, 1.0)	(71, 1.0)	(72, 1.0)	(73, 1.0)	(74, 1.0)	(75, 1.0)	(76, 1.0)	(77, 1.0)	(78, 1.0)	(79, 1.0)	(80, 1.0)	(81, 1.0)	(82, 1.0)	(83, 1.0)	(84, 1.0)	(85, 1.0)	(86, 1.0)	(87, 1.0)	(88, 1.0)	(89, 1.0)	(90, 1.0)
25006LRa194_T2T00-2_PoreC_05917	(0, 100.0)	(1, 94.0)	(2, 93.0)	(3, 92.0)	(4, 92.0)	(5, 92.0)	(6, 92.0)	(7, 92.0)	(8, 92.0)	(9, 91.0)	(10, 91.0)	(11, 91.0)	(12, 91.0)	(13, 90.0)	(14, 90.0)	(15, 89.0)	(16, 89.0)	(17, 88.0)	(18, 88.0)	(19, 87.0)	(20, 86.0)	(21, 85.0)	(22, 83.0)	(23, 82.0)	(24, 80.0)	(25, 79.0)	(26, 77.0)	(27, 75.0)	(28, 73.0)	(29, 70.0)	(30, 68.0)	(31, 66.0)	(32, 63.0)	(33, 60.0)	(34, 57.99999999999999)	(35, 55.00000000000001)	(36, 52.0)	(37, 49.0)	(38, 46.0)	(39, 44.0)	(40, 41.0)	(41, 38.0)	(42, 35.0)	(43, 32.0)	(44, 28.999999999999996)	(45, 27.0)	(46, 24.0)	(47, 22.0)	(48, 19.0)	(49, 17.0)	(50, 15.0)	(51, 13.0)	(52, 12.0)	(53, 10.0)	(54, 9.0)	(55, 7.000000000000001)	(56, 6.0)	(57, 5.0)	(58, 5.0)	(59, 4.0)	(60, 3.0)	(61, 3.0)	(62, 2.0)	(63, 2.0)	(64, 2.0)	(65, 2.0)	(66, 2.0)	(67, 1.0)	(68, 1.0)	(69, 1.0)	(70, 1.0)	(71, 1.0)	(72, 1.0)	(73, 1.0)	(74, 1.0)	(75, 1.0)	(76, 1.0)	(77, 1.0)	(78, 1.0)	(79, 1.0)	(80, 1.0)	(81, 1.0)	(82, 1.0)	(83, 1.0)	(84, 1.0)	(85, 1.0)	(86, 1.0)	(87, 1.0)	(88, 1.0)	(89, 1.0)	(90, 1.0)
25006LRa195_T2T00-2_PoreC_05918	(0, 100.0)	(1, 94.0)	(2, 93.0)	(3, 92.0)	(4, 92.0)	(5, 92.0)	(6, 92.0)	(7, 92.0)	(8, 91.0)	(9, 91.0)	(10, 91.0)	(11, 90.0)	(12, 90.0)	(13, 90.0)	(14, 89.0)	(15, 88.0)	(16, 87.0)	(17, 86.0)	(18, 85.0)	(19, 84.0)	(20, 82.0)	(21, 81.0)	(22, 79.0)	(23, 77.0)	(24, 74.0)	(25, 72.0)	(26, 69.0)	(27, 67.0)	(28, 64.0)	(29, 61.0)	(30, 57.99999999999999)	(31, 55.00000000000001)	(32, 52.0)	(33, 48.0)	(34, 45.0)	(35, 42.0)	(36, 39.0)	(37, 36.0)	(38, 32.0)	(39, 28.999999999999996)	(40, 26.0)	(41, 24.0)	(42, 21.0)	(43, 19.0)	(44, 16.0)	(45, 14.000000000000002)	(46, 12.0)	(47, 10.0)	(48, 9.0)	(49, 8.0)	(50, 6.0)	(51, 5.0)	(52, 5.0)	(53, 4.0)	(54, 3.0)	(55, 3.0)	(56, 2.0)	(57, 2.0)	(58, 2.0)	(59, 2.0)	(60, 1.0)	(61, 1.0)	(62, 1.0)	(63, 1.0)	(64, 1.0)	(65, 1.0)	(66, 1.0)	(67, 1.0)	(68, 1.0)	(69, 1.0)	(70, 1.0)	(71, 1.0)	(72, 1.0)	(73, 1.0)	(74, 1.0)	(75, 1.0)	(76, 1.0)	(77, 1.0)	(78, 1.0)	(79, 1.0)	(80, 1.0)	(81, 1.0)	(82, 1.0)	(83, 1.0)	(84, 1.0)	(85, 1.0)					
25006LRa218_T2T00_PoreC_06049	(0, 100.0)	(1, 95.0)	(2, 94.0)	(3, 93.0)	(4, 93.0)	(5, 93.0)	(6, 92.0)	(7, 91.0)	(8, 91.0)	(9, 90.0)	(10, 88.0)	(11, 87.0)	(12, 85.0)	(13, 83.0)	(14, 81.0)	(15, 79.0)	(16, 76.0)	(17, 74.0)	(18, 70.0)	(19, 67.0)	(20, 63.0)	(21, 60.0)	(22, 55.00000000000001)	(23, 51.0)	(24, 47.0)	(25, 42.0)	(26, 38.0)	(27, 33.0)	(28, 28.999999999999996)	(29, 25.0)	(30, 21.0)	(31, 18.0)	(32, 14.000000000000002)	(33, 12.0)	(34, 10.0)	(35, 8.0)	(36, 6.0)	(37, 5.0)	(38, 4.0)	(39, 3.0)	(40, 2.0)	(41, 2.0)	(42, 2.0)	(43, 1.0)	(44, 1.0)	(45, 1.0)	(46, 1.0)	(47, 1.0)	(48, 1.0)	(49, 1.0)	(50, 1.0)	(51, 1.0)	(52, 1.0)	(53, 1.0)	(54, 1.0)	(55, 1.0)																																			
25006LRa219_T2T04_PoreC_06051	(0, 100.0)	(1, 94.0)	(2, 94.0)	(3, 93.0)	(4, 92.0)	(5, 91.0)	(6, 90.0)	(7, 88.0)	(8, 85.0)	(9, 82.0)	(10, 79.0)	(11, 75.0)	(12, 70.0)	(13, 65.0)	(14, 60.0)	(15, 55.00000000000001)	(16, 49.0)	(17, 43.0)	(18, 38.0)	(19, 33.0)	(20, 28.000000000000004)	(21, 24.0)	(22, 20.0)	(23, 16.0)	(24, 13.0)	(25, 10.0)	(26, 8.0)	(27, 6.0)	(28, 5.0)	(29, 4.0)	(30, 3.0)	(31, 2.0)	(32, 2.0)	(33, 1.0)	(34, 1.0)	(35, 1.0)	(36, 1.0)	(37, 1.0)	(38, 1.0)	(39, 1.0)	(40, 1.0)	(41, 1.0)																																																	
25006LRa220_T2T12_PoreC_06053	(0, 100.0)	(1, 94.0)	(2, 93.0)	(3, 93.0)	(4, 92.0)	(5, 92.0)	(6, 92.0)	(7, 91.0)	(8, 91.0)	(9, 90.0)	(10, 90.0)	(11, 89.0)	(12, 88.0)	(13, 88.0)	(14, 86.0)	(15, 85.0)	(16, 84.0)	(17, 82.0)	(18, 80.0)	(19, 78.0)	(20, 76.0)	(21, 74.0)	(22, 71.0)	(23, 69.0)	(24, 66.0)	(25, 63.0)	(26, 60.0)	(27, 56.99999999999999)	(28, 54.0)	(29, 51.0)	(30, 48.0)	(31, 44.0)	(32, 41.0)	(33, 38.0)	(34, 34.0)	(35, 31.0)	(36, 28.000000000000004)	(37, 25.0)	(38, 22.0)	(39, 19.0)	(40, 17.0)	(41, 14.000000000000002)	(42, 12.0)	(43, 10.0)	(44, 9.0)	(45, 7.000000000000001)	(46, 6.0)	(47, 5.0)	(48, 4.0)	(49, 3.0)	(50, 3.0)	(51, 2.0)	(52, 2.0)	(53, 2.0)	(54, 1.0)	(55, 1.0)	(56, 1.0)	(57, 1.0)	(58, 1.0)	(59, 1.0)	(60, 1.0)	(61, 1.0)	(62, 1.0)	(63, 1.0)	(64, 1.0)	(65, 1.0)	(66, 1.0)	(67, 1.0)	(68, 1.0)	(69, 1.0)																					
25006LRa221_T2T12_PoreC_06054	(0, 100.0)	(1, 94.0)	(2, 93.0)	(3, 93.0)	(4, 93.0)	(5, 92.0)	(6, 92.0)	(7, 92.0)	(8, 92.0)	(9, 92.0)	(10, 91.0)	(11, 91.0)	(12, 91.0)	(13, 90.0)	(14, 90.0)	(15, 90.0)	(16, 89.0)	(17, 89.0)	(18, 88.0)	(19, 87.0)	(20, 86.0)	(21, 85.0)	(22, 84.0)	(23, 83.0)	(24, 82.0)	(25, 81.0)	(26, 80.0)	(27, 78.0)	(28, 77.0)	(29, 75.0)	(30, 73.0)	(31, 72.0)	(32, 70.0)	(33, 68.0)	(34, 66.0)	(35, 64.0)	(36, 62.0)	(37, 60.0)	(38, 57.99999999999999)	(39, 56.00000000000001)	(40, 53.0)	(41, 51.0)	(42, 49.0)	(43, 46.0)	(44, 44.0)	(45, 42.0)	(46, 39.0)	(47, 37.0)	(48, 34.0)	(49, 32.0)	(50, 28.999999999999996)	(51, 27.0)	(52, 25.0)	(53, 22.0)	(54, 20.0)	(55, 18.0)	(56, 16.0)	(57, 14.000000000000002)	(58, 13.0)	(59, 11.0)	(60, 10.0)	(61, 8.0)	(62, 7.000000000000001)	(63, 6.0)	(64, 5.0)	(65, 5.0)	(66, 4.0)	(67, 3.0)	(68, 3.0)	(69, 2.0)	(70, 2.0)	(71, 2.0)	(72, 2.0)	(73, 1.0)	(74, 1.0)	(75, 1.0)	(76, 1.0)	(77, 1.0)	(78, 1.0)	(79, 1.0)	(80, 1.0)	(81, 1.0)	(82, 1.0)	(83, 1.0)	(84, 1.0)	(85, 1.0)	(86, 1.0)	(87, 1.0)	(88, 1.0)	(89, 1.0)	(90, 1.0)
25006LRa222_T2T13_PoreC_06056	(0, 100.0)	(1, 94.0)	(2, 93.0)	(3, 93.0)	(4, 92.0)	(5, 92.0)	(6, 92.0)	(7, 92.0)	(8, 92.0)	(9, 92.0)	(10, 92.0)	(11, 91.0)	(12, 91.0)	(13, 91.0)	(14, 91.0)	(15, 91.0)	(16, 91.0)	(17, 90.0)	(18, 90.0)	(19, 90.0)	(20, 89.0)	(21, 89.0)	(22, 89.0)	(23, 88.0)	(24, 88.0)	(25, 87.0)	(26, 86.0)	(27, 86.0)	(28, 85.0)	(29, 84.0)	(30, 83.0)	(31, 82.0)	(32, 80.0)	(33, 79.0)	(34, 78.0)	(35, 76.0)	(36, 75.0)	(37, 73.0)	(38, 71.0)	(39, 70.0)	(40, 68.0)	(41, 66.0)	(42, 64.0)	(43, 62.0)	(44, 60.0)	(45, 56.99999999999999)	(46, 55.00000000000001)	(47, 53.0)	(48, 50.0)	(49, 48.0)	(50, 45.0)	(51, 43.0)	(52, 40.0)	(53, 37.0)	(54, 35.0)	(55, 32.0)	(56, 30.0)	(57, 27.0)	(58, 25.0)	(59, 23.0)	(60, 20.0)	(61, 18.0)	(62, 16.0)	(63, 14.000000000000002)	(64, 13.0)	(65, 11.0)	(66, 10.0)	(67, 8.0)	(68, 7.000000000000001)	(69, 6.0)	(70, 5.0)	(71, 5.0)	(72, 4.0)	(73, 3.0)	(74, 3.0)	(75, 3.0)	(76, 2.0)	(77, 2.0)	(78, 2.0)	(79, 2.0)	(80, 1.0)	(81, 1.0)	(82, 1.0)	(83, 1.0)	(84, 1.0)	(85, 1.0)	(86, 1.0)	(87, 1.0)	(88, 1.0)	(89, 1.0)	(90, 1.0)
25006LRa223_T2T13_PoreC_06057	(0, 100.0)	(1, 93.0)	(2, 93.0)	(3, 92.0)	(4, 92.0)	(5, 91.0)	(6, 91.0)	(7, 90.0)	(8, 90.0)	(9, 89.0)	(10, 88.0)	(11, 87.0)	(12, 85.0)	(13, 83.0)	(14, 81.0)	(15, 78.0)	(16, 75.0)	(17, 72.0)	(18, 68.0)	(19, 64.0)	(20, 60.0)	(21, 55.00000000000001)	(22, 50.0)	(23, 46.0)	(24, 41.0)	(25, 36.0)	(26, 32.0)	(27, 27.0)	(28, 23.0)	(29, 20.0)	(30, 16.0)	(31, 13.0)	(32, 11.0)	(33, 9.0)	(34, 7.000000000000001)	(35, 5.0)	(36, 4.0)	(37, 3.0)	(38, 3.0)	(39, 2.0)	(40, 2.0)	(41, 1.0)	(42, 1.0)	(43, 1.0)	(44, 1.0)	(45, 1.0)	(46, 1.0)	(47, 1.0)	(48, 1.0)	(49, 1.0)	(50, 1.0)	(51, 1.0)	(52, 1.0)	(53, 1.0)	(54, 1.0)																																				
25066LRa145_T2T12_PoreC_05688	(0, 100.0)	(1, 94.0)	(2, 93.0)	(3, 93.0)	(4, 93.0)	(5, 92.0)	(6, 92.0)	(7, 92.0)	(8, 92.0)	(9, 92.0)	(10, 92.0)	(11, 92.0)	(12, 91.0)	(13, 91.0)	(14, 91.0)	(15, 91.0)	(16, 90.0)	(17, 90.0)	(18, 90.0)	(19, 89.0)	(20, 89.0)	(21, 88.0)	(22, 88.0)	(23, 87.0)	(24, 86.0)	(25, 86.0)	(26, 85.0)	(27, 84.0)	(28, 83.0)	(29, 82.0)	(30, 81.0)	(31, 80.0)	(32, 78.0)	(33, 77.0)	(34, 76.0)	(35, 74.0)	(36, 73.0)	(37, 71.0)	(38, 69.0)	(39, 68.0)	(40, 66.0)	(41, 64.0)	(42, 62.0)	(43, 61.0)	(44, 59.0)	(45, 56.99999999999999)	(46, 55.00000000000001)	(47, 53.0)	(48, 51.0)	(49, 49.0)	(50, 47.0)	(51, 44.0)	(52, 42.0)	(53, 40.0)	(54, 38.0)	(55, 36.0)	(56, 33.0)	(57, 31.0)	(58, 28.999999999999996)	(59, 27.0)	(60, 25.0)	(61, 23.0)	(62, 21.0)	(63, 19.0)	(64, 17.0)	(65, 15.0)	(66, 13.0)	(67, 12.0)	(68, 11.0)	(69, 9.0)	(70, 8.0)	(71, 7.000000000000001)	(72, 6.0)	(73, 5.0)	(74, 5.0)	(75, 4.0)	(76, 3.0)	(77, 3.0)	(78, 3.0)	(79, 2.0)	(80, 2.0)	(81, 2.0)	(82, 2.0)	(83, 1.0)	(84, 1.0)	(85, 1.0)	(86, 1.0)	(87, 1.0)	(88, 1.0)	(89, 1.0)	(90, 1.0)
25066LRa146_T2T12_PoreC_05689	(0, 100.0)	(1, 94.0)	(2, 93.0)	(3, 93.0)	(4, 93.0)	(5, 92.0)	(6, 92.0)	(7, 92.0)	(8, 92.0)	(9, 92.0)	(10, 92.0)	(11, 91.0)	(12, 91.0)	(13, 91.0)	(14, 91.0)	(15, 90.0)	(16, 90.0)	(17, 90.0)	(18, 89.0)	(19, 89.0)	(20, 88.0)	(21, 87.0)	(22, 87.0)	(23, 86.0)	(24, 85.0)	(25, 84.0)	(26, 83.0)	(27, 82.0)	(28, 80.0)	(29, 79.0)	(30, 78.0)	(31, 76.0)	(32, 75.0)	(33, 73.0)	(34, 71.0)	(35, 70.0)	(36, 68.0)	(37, 66.0)	(38, 64.0)	(39, 62.0)	(40, 60.0)	(41, 57.99999999999999)	(42, 56.00000000000001)	(43, 54.0)	(44, 52.0)	(45, 49.0)	(46, 47.0)	(47, 45.0)	(48, 42.0)	(49, 40.0)	(50, 38.0)	(51, 35.0)	(52, 33.0)	(53, 31.0)	(54, 28.000000000000004)	(55, 26.0)	(56, 24.0)	(57, 22.0)	(58, 20.0)	(59, 18.0)	(60, 16.0)	(61, 14.000000000000002)	(62, 12.0)	(63, 11.0)	(64, 10.0)	(65, 8.0)	(66, 7.000000000000001)	(67, 6.0)	(68, 5.0)	(69, 5.0)	(70, 4.0)	(71, 3.0)	(72, 3.0)	(73, 3.0)	(74, 2.0)	(75, 2.0)	(76, 2.0)	(77, 2.0)	(78, 1.0)	(79, 1.0)	(80, 1.0)	(81, 1.0)	(82, 1.0)	(83, 1.0)	(84, 1.0)	(85, 1.0)	(86, 1.0)	(87, 1.0)	(88, 1.0)	(89, 1.0)	(90, 1.0)
25066LRa147_T2T15_PoreC_05690	(0, 100.0)	(1, 94.0)	(2, 93.0)	(3, 93.0)	(4, 93.0)	(5, 93.0)	(6, 92.0)	(7, 92.0)	(8, 92.0)	(9, 92.0)	(10, 92.0)	(11, 92.0)	(12, 92.0)	(13, 92.0)	(14, 91.0)	(15, 91.0)	(16, 91.0)	(17, 91.0)	(18, 91.0)	(19, 90.0)	(20, 90.0)	(21, 90.0)	(22, 89.0)	(23, 89.0)	(24, 88.0)	(25, 88.0)	(26, 87.0)	(27, 87.0)	(28, 86.0)	(29, 85.0)	(30, 84.0)	(31, 83.0)	(32, 82.0)	(33, 81.0)	(34, 79.0)	(35, 78.0)	(36, 77.0)	(37, 75.0)	(38, 74.0)	(39, 72.0)	(40, 70.0)	(41, 68.0)	(42, 67.0)	(43, 65.0)	(44, 63.0)	(45, 61.0)	(46, 59.0)	(47, 56.99999999999999)	(48, 55.00000000000001)	(49, 53.0)	(50, 51.0)	(51, 49.0)	(52, 46.0)	(53, 44.0)	(54, 42.0)	(55, 40.0)	(56, 37.0)	(57, 35.0)	(58, 33.0)	(59, 31.0)	(60, 28.999999999999996)	(61, 26.0)	(62, 24.0)	(63, 22.0)	(64, 20.0)	(65, 18.0)	(66, 17.0)	(67, 15.0)	(68, 13.0)	(69, 12.0)	(70, 10.0)	(71, 9.0)	(72, 8.0)	(73, 7.000000000000001)	(74, 6.0)	(75, 5.0)	(76, 5.0)	(77, 4.0)	(78, 4.0)	(79, 3.0)	(80, 3.0)	(81, 2.0)	(82, 2.0)	(83, 2.0)	(84, 2.0)	(85, 1.0)	(86, 1.0)	(87, 1.0)	(88, 1.0)	(89, 1.0)	(90, 1.0)
25066LRa148_T2T15_PoreC_05691	(0, 100.0)	(1, 94.0)	(2, 93.0)	(3, 93.0)	(4, 93.0)	(5, 92.0)	(6, 92.0)	(7, 92.0)	(8, 92.0)	(9, 92.0)	(10, 92.0)	(11, 91.0)	(12, 91.0)	(13, 91.0)	(14, 91.0)	(15, 90.0)	(16, 90.0)	(17, 89.0)	(18, 89.0)	(19, 88.0)	(20, 87.0)	(21, 86.0)	(22, 85.0)	(23, 84.0)	(24, 83.0)	(25, 82.0)	(26, 80.0)	(27, 78.0)	(28, 77.0)	(29, 75.0)	(30, 73.0)	(31, 71.0)	(32, 69.0)	(33, 66.0)	(34, 64.0)	(35, 62.0)	(36, 59.0)	(37, 56.99999999999999)	(38, 54.0)	(39, 51.0)	(40, 49.0)	(41, 46.0)	(42, 43.0)	(43, 41.0)	(44, 38.0)	(45, 35.0)	(46, 32.0)	(47, 30.0)	(48, 27.0)	(49, 25.0)	(50, 22.0)	(51, 20.0)	(52, 18.0)	(53, 16.0)	(54, 14.000000000000002)	(55, 12.0)	(56, 10.0)	(57, 9.0)	(58, 8.0)	(59, 7.000000000000001)	(60, 6.0)	(61, 5.0)	(62, 4.0)	(63, 3.0)	(64, 3.0)	(65, 3.0)	(66, 2.0)	(67, 2.0)	(68, 2.0)	(69, 1.0)	(70, 1.0)	(71, 1.0)	(72, 1.0)	(73, 1.0)	(74, 1.0)	(75, 1.0)	(76, 1.0)	(77, 1.0)	(78, 1.0)	(79, 1.0)	(80, 1.0)	(81, 1.0)	(82, 1.0)	(83, 1.0)	(84, 1.0)	(85, 1.0)	(86, 1.0)	(87, 1.0)	(88, 1.0)	(89, 1.0)	(90, 1.0)
25066LRa149_T2T16_PoreC_05692	(0, 100.0)	(1, 94.0)	(2, 93.0)	(3, 93.0)	(4, 92.0)	(5, 92.0)	(6, 92.0)	(7, 92.0)	(8, 92.0)	(9, 91.0)	(10, 91.0)	(11, 91.0)	(12, 91.0)	(13, 90.0)	(14, 90.0)	(15, 90.0)	(16, 89.0)	(17, 89.0)	(18, 88.0)	(19, 88.0)	(20, 87.0)	(21, 86.0)	(22, 85.0)	(23, 84.0)	(24, 83.0)	(25, 82.0)	(26, 81.0)	(27, 79.0)	(28, 78.0)	(29, 76.0)	(30, 75.0)	(31, 73.0)	(32, 71.0)	(33, 69.0)	(34, 68.0)	(35, 66.0)	(36, 64.0)	(37, 61.0)	(38, 59.0)	(39, 56.99999999999999)	(40, 55.00000000000001)	(41, 53.0)	(42, 50.0)	(43, 48.0)	(44, 45.0)	(45, 43.0)	(46, 40.0)	(47, 38.0)	(48, 35.0)	(49, 32.0)	(50, 30.0)	(51, 27.0)	(52, 25.0)	(53, 23.0)	(54, 20.0)	(55, 18.0)	(56, 16.0)	(57, 14.000000000000002)	(58, 13.0)	(59, 11.0)	(60, 10.0)	(61, 8.0)	(62, 7.000000000000001)	(63, 6.0)	(64, 5.0)	(65, 4.0)	(66, 4.0)	(67, 3.0)	(68, 3.0)	(69, 2.0)	(70, 2.0)	(71, 2.0)	(72, 2.0)	(73, 1.0)	(74, 1.0)	(75, 1.0)	(76, 1.0)	(77, 1.0)	(78, 1.0)	(79, 1.0)	(80, 1.0)	(81, 1.0)	(82, 1.0)	(83, 1.0)	(84, 1.0)	(85, 1.0)	(86, 1.0)	(87, 1.0)	(88, 1.0)	(89, 1.0)	(90, 1.0)
25066LRa150_T2T16_PoreC_05693	(0, 100.0)	(1, 94.0)	(2, 93.0)	(3, 92.0)	(4, 92.0)	(5, 92.0)	(6, 92.0)	(7, 92.0)	(8, 92.0)	(9, 91.0)	(10, 91.0)	(11, 91.0)	(12, 91.0)	(13, 90.0)	(14, 90.0)	(15, 89.0)	(16, 89.0)	(17, 88.0)	(18, 87.0)	(19, 87.0)	(20, 86.0)	(21, 85.0)	(22, 84.0)	(23, 82.0)	(24, 81.0)	(25, 80.0)	(26, 78.0)	(27, 77.0)	(28, 75.0)	(29, 73.0)	(30, 71.0)	(31, 69.0)	(32, 67.0)	(33, 65.0)	(34, 63.0)	(35, 61.0)	(36, 59.0)	(37, 56.00000000000001)	(38, 54.0)	(39, 51.0)	(40, 49.0)	(41, 46.0)	(42, 43.0)	(43, 41.0)	(44, 38.0)	(45, 35.0)	(46, 32.0)	(47, 30.0)	(48, 27.0)	(49, 25.0)	(50, 22.0)	(51, 20.0)	(52, 18.0)	(53, 16.0)	(54, 14.000000000000002)	(55, 12.0)	(56, 10.0)	(57, 9.0)	(58, 8.0)	(59, 6.0)	(60, 6.0)	(61, 5.0)	(62, 4.0)	(63, 3.0)	(64, 3.0)	(65, 2.0)	(66, 2.0)	(67, 2.0)	(68, 2.0)	(69, 1.0)	(70, 1.0)	(71, 1.0)	(72, 1.0)	(73, 1.0)	(74, 1.0)	(75, 1.0)	(76, 1.0)	(77, 1.0)	(78, 1.0)	(79, 1.0)	(80, 1.0)	(81, 1.0)	(82, 1.0)	(83, 1.0)	(84, 1.0)	(85, 1.0)	(86, 1.0)	(87, 1.0)	(88, 1.0)	(89, 1.0)	
