Sample	chr1	chr2	chr3	chr4	chr5	chr6	chr7	chrX	chr9	chr8	chr11	chr10	chr12	chr13	chr14	chr15	chr16	chr17	chr18	chr20	chrY	chr19	chr22	chr21	chrM
24070LRa018_T2T00_PoreC_05375	20.080000000000005	21.27	21.049999999999997	20.870000000000005	21.119999999999997	21.12	20.82	10.54	18.99	21.15	20.86	20.889999999999997	21.130000000000003	19.2	20.450000000000003	19.609999999999996	19.380000000000003	19.740000000000002	20.39	19.950000000000003	7.24	20.02	21.170000000000005	21.400000000000006	969.030000000007
24070LRa019_T2T00_PoreC_05376	20.430000000000007	21.55	21.289999999999996	21.180000000000003	21.349999999999998	21.45	21.139999999999997	10.709999999999999	19.279999999999998	21.41	21.14	21.209999999999997	21.51	19.47	20.720000000000002	19.9	19.69	20.080000000000005	20.810000000000002	20.23	7.32	20.360000000000003	21.53	21.680000000000003	936.0300000000049
24070LRa_PoreC_04921	31.410000000000004	33.09	32.96	32.780000000000015	32.89	33.050000000000004	32.5	16.569999999999997	29.82	33.06	32.510000000000005	32.52	33.02	30.140000000000004	31.99000000000001	30.52	30.150000000000002	30.45	32.050000000000004	30.930000000000003	11.680000000000001	30.6	32.45	33.360000000000014	1134.8900000000076
25006LRa037_T2T04_PoreC_05170	32.00000000000001	33.2	33.13	32.81	33.15	33.45	32.93999999999999	16.58	29.599999999999998	32.86000000000001	32.970000000000006	32.370000000000005	33.470000000000006	30.729999999999997	32.96	32.650000000000006	30.970000000000002	33.400000000000006	32.690000000000005	32.02000000000001	11.98	32.53000000000001	33.239999999999995	32.93000000000001	1341.3600000000145
25006LRa039_T2T01_PoreC_05236	35.17	36.88	36.680000000000014	36.65000000000001	36.830000000000005	36.870000000000005	36.56000000000001	36.52000000000001	33.48	36.870000000000005	36.39	36.510000000000005	36.67	35.260000000000005	35.80000000000002	34.959999999999994	34.21	35.08	36.160000000000004	35.58000000000001	0.9100000000000004	34.38	34.83999999999999	34.86999999999999	2153.6399999999903
25006LRa040_T2T03_PoreC_05237	43.03999999999998	45.38000000000002	45.06000000000004	44.949999999999996	45.03000000000003	45.16000000000003	44.670000000000016	44.900000000000034	40.55	45.230000000000025	44.700000000000024	44.420000000000016	44.97000000000003	42.35999999999999	45.6	42.97999999999999	41.769999999999996	44.169999999999995	44.230000000000004	43.38	1.120000000000001	43.05	44.05999999999999	42.449999999999996	2372.769999999971
25006LRa041_T2T05_PoreC_05238	28.010000000000005	29.080000000000005	28.880000000000006	28.750000000000007	28.870000000000005	28.84	28.84	14.499999999999996	25.7	28.770000000000003	28.640000000000004	28.540000000000006	28.720000000000006	27.150000000000002	28.590000000000003	27.12	27.74	27.760000000000005	28.500000000000004	28.170000000000005	9.850000000000001	27.51	27.49	29.230000000000008	1838.8600000000115
25006LRa063_T2T02_05349_PoreC	24.90000000000001	25.240000000000002	25.259999999999998	25.130000000000003	25.3	25.680000000000003	25.389999999999997	12.8	25.580000000000002	25.000000000000004	25.240000000000002	24.790000000000003	25.340000000000003	24.04	25.77000000000001	25.430000000000003	23.6	26.03	25.000000000000004	24.680000000000003	9.920000000000002	24.629999999999995	27.87	26.350000000000005	1676.4600000000125
25006LRa063_T2T02_PoreC_05349	24.90000000000001	25.240000000000002	25.259999999999998	25.130000000000003	25.3	25.680000000000003	25.389999999999997	12.8	25.580000000000002	25.000000000000004	25.240000000000002	24.790000000000003	25.340000000000003	24.04	25.77000000000001	25.430000000000003	23.6	26.03	25.000000000000004	24.680000000000003	9.920000000000002	24.629999999999995	27.87	26.350000000000005	1676.4600000000125
25006LRa064_T2T06_05350_PoreC	16.16	16.599999999999998	16.649999999999995	16.779999999999998	16.619999999999997	16.629999999999995	16.529999999999998	8.41	15.520000000000003	16.49	16.49	16.299999999999997	16.73	15.79	17.060000000000002	17.53	15.469999999999999	16.63	16.889999999999997	16.209999999999997	7.760000000000003	16.86	19.400000000000002	17.910000000000004	1069.5500000000068
25006LRa064_T2T06_PoreC_05350	16.16	16.599999999999998	16.649999999999995	16.779999999999998	16.619999999999997	16.629999999999995	16.529999999999998	8.41	15.520000000000003	16.49	16.49	16.299999999999997	16.73	15.79	17.060000000000002	17.53	15.469999999999999	16.63	16.889999999999997	16.209999999999997	7.760000000000003	16.86	19.400000000000002	17.910000000000004	1069.5500000000068
25006LRa065_T2T07_05351_PoreC	34.63	36.040000000000006	35.74000000000001	36.13	35.92000000000001	35.80000000000001	35.63000000000001	35.49	32.73	35.59000000000001	35.68	35.64	36.11000000000001	32.849999999999994	36.39000000000001	33.85999999999999	32.88	34.10000000000001	35.730000000000004	34.790000000000006	0.8600000000000003	34.650000000000006	36.91	35.75	1683.8100000000059
25006LRa065_T2T07_PoreC_05351	34.63	36.040000000000006	35.74000000000001	36.13	35.92000000000001	35.80000000000001	35.63000000000001	35.49	32.73	35.59000000000001	35.68	35.64	36.11000000000001	32.849999999999994	36.39000000000001	33.85999999999999	32.88	34.10000000000001	35.730000000000004	34.790000000000006	0.8600000000000003	34.650000000000006	36.91	35.75	1683.8100000000059
25006LRa078_T2T04_PoreC_05377	27.43	28.460000000000004	28.320000000000004	28.10000000000001	28.43	28.580000000000005	28.23	14.279999999999998	25.139999999999997	28.130000000000006	28.350000000000005	27.730000000000004	28.740000000000006	26.33	28.280000000000005	27.990000000000006	26.58	28.660000000000004	27.760000000000005	27.530000000000005	10.270000000000001	28.03000000000001	28.300000000000004	28.1	1317.310000000013
25006LRa079_T2T04_PoreC_05378	23.97	24.910000000000004	24.700000000000003	24.520000000000007	24.740000000000006	24.970000000000002	24.68	12.469999999999999	21.990000000000002	24.590000000000003	24.740000000000006	24.160000000000004	25.060000000000002	22.989999999999995	24.740000000000002	24.480000000000004	23.2	24.970000000000006	24.280000000000005	24.040000000000006	8.96	24.29	24.700000000000003	24.53	1219.0000000000077
25006LRa079_T2T04_PoreC_06050	27.53	28.64	28.380000000000003	28.050000000000008	28.37	28.640000000000008	28.319999999999997	14.189999999999998	25.32	28.290000000000006	28.380000000000003	27.860000000000003	28.680000000000003	26.249999999999996	28.380000000000006	28.000000000000004	26.78	28.820000000000004	27.880000000000006	27.640000000000008	10.130000000000003	28.220000000000006	28.589999999999996	28.200000000000006	1302.4500000000096
25006LRa080_T2T08_PoreC_05379	17.31	17.76	17.709999999999997	17.74	17.790000000000003	17.68	17.61	17.33	16.04	17.54	17.56	17.55	17.8	16.24	17.299999999999997	16.630000000000003	16.470000000000002	17.59	17.150000000000002	17.32	0.42999999999999994	17.540000000000003	18.439999999999998	17.710000000000004	977.2900000000099
25006LRa081_T2T09_PoreC_05380	35.44	36.49	36.34000000000001	37.07000000000001	36.550000000000004	36.730000000000004	36.46000000000001	18.54	34.11000000000001	35.92000000000001	36.34	36.46000000000001	36.89	34.059999999999995	37.000000000000014	34.4	34.55	36.09	36.67	35.53000000000001	11.830000000000002	37.02	41.54999999999998	38.68000000000001	1924.2600000000157
25006LRa082_T2T10_PoreC_05381	27.060000000000002	28.030000000000005	27.990000000000002	28.050000000000008	28.240000000000006	28.09	28.06	27.990000000000002	24.99	27.560000000000002	28.100000000000005	27.65	28.230000000000004	26.85	28.610000000000007	28.62	26.870000000000005	27.980000000000004	27.69	27.070000000000007	0.7400000000000002	28.690000000000005	31.049999999999997	30.29	1383.6900000000117
25006LRa095_T2T11_PoreC_05486	30.8	32.260000000000005	31.960000000000008	31.570000000000007	31.760000000000005	32.21000000000001	31.680000000000007	16.06	28.79	31.74000000000001	31.710000000000008	31.560000000000002	32.04	30.1	31.820000000000007	30.37	31.050000000000004	32.220000000000006	31.22	31.24000000000001	13.28	31.120000000000005	33.800000000000004	32.36	1467.0600000000081
25006LRa096_T2T11_PoreC_05487	41.369999999999976	43.370000000000005	43.00000000000003	42.48	42.65000000000003	43.370000000000005	42.67000000000001	21.65	38.81	42.65000000000002	42.69000000000002	42.46000000000003	42.97000000000003	40.54999999999998	42.949999999999996	41.040000000000006	41.91	43.42	42.06	42.19	17.84	42.01	45.599999999999994	43.48999999999999	1624.6000000000192
25006LRa097_T2T04_1_PoreC_05488	22.88	24.270000000000003	24.01	23.78000000000001	23.930000000000003	24.080000000000005	23.750000000000004	12.049999999999999	21.529999999999998	23.950000000000003	23.720000000000002	23.630000000000003	23.990000000000006	22.369999999999997	23.990000000000002	23.110000000000007	22.049999999999997	23.200000000000003	23.44	22.96	8.21	22.600000000000005	22.69	23.390000000000004	1012.6000000000058
25006LRa098_T2T04_1_PoreC_05489	35.25	37.14000000000001	36.88	36.490000000000016	36.72000000000001	36.940000000000005	36.54000000000001	18.43	33.16	36.760000000000005	36.440000000000005	36.20000000000002	36.77	34.349999999999994	37.010000000000005	35.690000000000005	33.82	35.6	35.93000000000001	35.400000000000006	12.55	34.84	35.18000000000001	35.96000000000001	1345.7600000000043
25006LRa099_T2T04_2_PoreC_05490	36.74	38.010000000000005	37.56	37.23000000000002	37.45000000000002	37.56000000000002	37.540000000000006	36.67	34.56999999999999	37.45	37.800000000000004	36.990000000000016	38.120000000000005	34.959999999999994	37.99	37.95000000000001	34.980000000000004	38.64000000000002	36.65000000000001	36.57000000000001	0.9400000000000004	37.790000000000006	39.98	37.99	1348.1100000000108
25006LRa100_T2T04_2_PoreC_05491	27.440000000000005	28.380000000000006	28.050000000000004	27.810000000000002	28.07	28.01	28.02	27.360000000000003	25.8	27.910000000000004	28.200000000000003	27.590000000000003	28.51000000000001	26.09	28.370000000000008	28.340000000000007	26.17	28.830000000000005	27.380000000000006	27.230000000000004	0.7	28.310000000000002	29.83	28.410000000000004	1176.0800000000083
25006LRa112_T2T13_PoreC_05519	40.25000000000001	41.95	41.39000000000003	41.79000000000002	42.03000000000001	41.57000000000003	41.13000000000003	40.97000000000002	37.419999999999995	41.31000000000002	41.28000000000002	41.13000000000002	41.43000000000002	38.72999999999999	41.40000000000002	39.50999999999999	37.879999999999995	40.36000000000001	40.07000000000001	40.17000000000001	1.0100000000000007	39.85	42.069999999999986	39.199999999999996	2188.7399999999943
25006LRa112_T2T13_PoreC_06055	21.490000000000006	22.47	22.229999999999997	22.41	22.48	22.259999999999998	22.1	22.08	19.990000000000002	22.120000000000005	22.06	22.110000000000003	22.150000000000002	20.7	22.17	21.180000000000003	20.34	21.620000000000005	21.540000000000003	21.490000000000006	0.54	21.270000000000003	22.57	20.910000000000004	1250.2800000000084
25006LRa113_T2T13_PoreC_05520	41.13	42.85000000000001	42.33000000000003	42.72000000000001	42.95000000000001	42.470000000000034	42.070000000000036	41.92000000000003	38.22999999999999	42.13000000000002	42.24000000000003	42.10000000000002	42.310000000000024	39.57999999999999	42.310000000000024	40.449999999999996	38.8	41.309999999999995	41.040000000000006	41.1	1.0400000000000005	40.650000000000006	43.129999999999995	40.03	1987.3900000000135
25006LRa116_T2T01_PoreC_05523	34.78	36.61000000000001	36.13000000000001	36.04000000000002	36.330000000000005	36.370000000000005	36.07000000000001	36.00000000000001	32.809999999999995	36.330000000000005	35.830000000000005	36.14	36.14	34.68000000000001	35.45000000000002	34.36	33.95	34.86	35.44000000000001	35.33000000000001	0.8900000000000001	34.13	34.559999999999995	34.309999999999995	2127.7600000000066
25006LRa117_T2T02_PoreC_05524	30.480000000000004	31.140000000000008	30.96	30.71000000000001	31.0	31.390000000000008	31.04	15.609999999999996	30.990000000000006	30.740000000000002	30.850000000000005	30.350000000000005	31.050000000000004	29.310000000000002	31.370000000000005	30.96	29.020000000000003	31.790000000000006	30.42	30.270000000000007	11.959999999999999	30.08	34.129999999999995	31.939999999999998	1858.7400000000193
25006LRa118_T2T03_PoreC_05525	22.930000000000003	24.169999999999998	23.95	23.87	23.97	23.97	23.700000000000003	23.830000000000002	21.490000000000002	24.060000000000002	23.820000000000004	23.720000000000002	23.930000000000003	22.479999999999997	24.19000000000001	22.830000000000002	22.26	23.490000000000002	23.470000000000002	23.080000000000005	0.5899999999999999	22.800000000000004	23.410000000000004	22.46	1694.1000000000245
25006LRa119_T2T05_PoreC_05526	45.37999999999999	47.15000000000003	46.710000000000036	46.459999999999994	46.79000000000002	46.60000000000003	46.61000000000003	23.5	41.60999999999999	46.40000000000002	46.300000000000026	46.130000000000024	46.51000000000002	43.79999999999998	46.210000000000015	43.72000000000001	45.219999999999985	44.97999999999999	45.900000000000006	45.46999999999999	15.990000000000002	44.23	44.36999999999999	47.37999999999999	2341.789999999967
25006LRa120_T2T06_PoreC_05527	17.110000000000003	17.599999999999998	17.529999999999998	17.68	17.549999999999997	17.509999999999998	17.48	8.87	16.19	17.42	17.48	17.24	17.66	16.6	18.01	18.320000000000004	16.39	17.549999999999997	17.749999999999996	17.21	8.02	17.81	20.530000000000005	18.840000000000003	1267.6400000000037
25006LRa121_T2T07_PoreC_05528	41.22999999999999	42.94000000000001	42.42000000000003	42.68000000000002	42.570000000000036	42.38000000000004	42.38000000000003	41.84000000000003	38.710000000000015	42.35000000000003	42.500000000000014	42.420000000000016	42.89000000000001	38.870000000000005	43.16000000000002	40.14	39.28	40.86000000000001	42.140000000000015	41.24	1.0100000000000007	41.41	44.14999999999999	42.40999999999999	2046.9800000000055
25006LRa122_T2T08_PoreC_05529	29.500000000000007	30.390000000000008	30.170000000000005	30.19000000000001	30.260000000000005	30.13	29.95	29.530000000000005	27.310000000000002	29.730000000000004	29.970000000000006	30.060000000000006	30.340000000000007	27.57	29.42000000000001	28.350000000000005	28.240000000000002	30.090000000000007	29.19000000000001	29.54000000000001	0.75	29.900000000000002	31.700000000000003	30.24000000000001	1421.4400000000064
25006LRa123_T2T09_PoreC_05530	29.61	30.630000000000006	30.380000000000003	30.910000000000004	30.55	30.640000000000008	30.47	15.419999999999998	28.480000000000004	30.020000000000003	30.390000000000008	30.50000000000001	30.860000000000003	28.43	30.860000000000007	28.700000000000006	28.89	30.190000000000005	30.720000000000006	29.800000000000008	9.780000000000001	30.940000000000005	34.769999999999996	32.31	1895.7400000000125
25006LRa124_T2T10_PoreC_05531	38.889999999999986	40.540000000000006	40.21000000000002	40.17000000000001	40.500000000000014	40.29000000000003	40.33000000000003	40.15000000000002	35.85	39.60000000000002	40.390000000000015	39.72000000000002	40.530000000000015	38.49999999999999	41.080000000000005	41.05	38.82	40.32	39.85000000000001	38.96	1.0500000000000007	41.42000000000001	44.94999999999999	43.339999999999996	1636.6000000000124
25006LRa145_T2T12_PoreC_06052	42.3	44.69000000000002	44.450000000000024	44.24999999999999	44.29000000000002	44.18000000000002	43.97000000000001	44.01000000000002	38.239999999999995	44.420000000000016	43.71000000000002	43.69000000000002	45.01000000000002	42.319999999999986	42.96	42.1	39.199999999999996	42.55	43.350000000000016	42.00000000000001	1.0800000000000005	41.46	43.639999999999986	42.70999999999999	1924.4600000000066
25006LRa168_T2T17_PoreC_05787	35.98	37.45	37.040000000000006	37.14000000000001	37.10000000000001	37.08000000000002	36.850000000000016	18.52	33.230000000000004	36.62000000000001	36.85	36.75	37.43000000000001	34.53999999999999	37.19000000000001	35.0	33.79	36.370000000000005	36.14000000000001	35.330000000000005	13.450000000000001	36.050000000000004	37.74	36.510000000000005	1911.4200000000133
25006LRa169_T2T17_PoreC_05788	26.230000000000004	27.270000000000007	27.040000000000003	27.120000000000008	26.92	27.11	26.910000000000004	13.489999999999998	24.190000000000005	26.76	26.790000000000006	26.860000000000007	27.26	25.22	27.000000000000004	25.35	24.650000000000002	26.340000000000003	26.390000000000004	25.740000000000006	9.880000000000003	26.090000000000007	27.38	26.490000000000002	1609.3500000000151
25006LRa170_T2T18_PoreC_05789	24.740000000000002	25.920000000000005	25.640000000000004	25.830000000000002	25.580000000000002	25.6	25.680000000000003	12.82	22.96	25.71	25.53	25.560000000000006	25.640000000000004	23.799999999999997	24.880000000000003	25.01	24.279999999999998	25.74000000000001	25.150000000000006	25.050000000000008	10.040000000000001	25.530000000000005	27.32	25.250000000000004	1521.2600000000139
25006LRa171_T2T18_PoreC_05790	18.49	19.33	19.11	19.3	19.12	19.08	19.119999999999997	9.58	17.240000000000002	19.150000000000002	19.04	19.01	19.14	17.900000000000002	18.630000000000003	18.849999999999998	18.140000000000008	18.93	18.75	18.61	7.870000000000001	18.78	20.56	19.040000000000006	1227.6200000000003
25006LRa172_T2T19_PoreC_05791	29.990000000000002	31.560000000000002	31.130000000000003	31.380000000000003	31.5	31.440000000000005	30.950000000000006	15.649999999999999	27.629999999999995	31.320000000000007	30.890000000000004	31.13000000000001	31.160000000000004	28.810000000000002	30.640000000000004	29.790000000000006	29.03	29.880000000000003	30.570000000000007	30.020000000000007	12.700000000000003	29.709999999999997	32.37	30.29	1546.0900000000074
25006LRa173_T2T19_PoreC_05792	28.650000000000006	30.160000000000004	29.720000000000006	29.990000000000006	30.040000000000006	30.000000000000007	29.590000000000007	14.869999999999997	26.459999999999994	29.94000000000001	29.46	29.710000000000004	29.720000000000006	27.6	29.190000000000005	28.47000000000001	27.709999999999997	28.450000000000003	29.320000000000004	28.630000000000006	12.299999999999999	28.289999999999996	30.9	28.900000000000006	1531.260000000006
25006LRa192_T2T00-1_PoreC_05915	35.839999999999996	37.50000000000001	37.14000000000001	36.91000000000002	37.08000000000001	37.410000000000004	36.810000000000024	18.55	33.269999999999996	37.12	37.01	36.750000000000014	37.74000000000001	34.82	36.59	36.44	35.55	35.88	36.480000000000004	35.82000000000001	9.260000000000002	37.28	40.06999999999998	38.50000000000001	1376.84000000001
25006LRa193_T2T00-1_PoreC_05916	32.440000000000005	33.88	33.6	33.33000000000001	33.63	33.790000000000006	33.260000000000005	16.779999999999998	30.129999999999995	33.47	33.4	33.22	34.11	31.520000000000003	33.110000000000014	33.03000000000001	32.09000000000001	32.43000000000001	32.96	32.440000000000005	8.43	33.470000000000006	36.279999999999994	34.960000000000015	1323.8400000000145
25006LRa194_T2T00-2_PoreC_05917	34.95	36.760000000000005	36.140000000000015	35.91000000000002	36.18000000000001	36.320000000000014	36.06000000000001	34.24	33.33	36.190000000000005	36.120000000000005	36.06000000000001	36.800000000000004	33.72	36.41000000000001	34.41	35.36	34.54	35.290000000000006	34.78	0.8800000000000003	34.86	36.47	36.81	1408.000000000008
25006LRa195_T2T00-2_PoreC_05918	30.920000000000005	32.49	32.019999999999996	31.690000000000012	32.04	32.129999999999995	31.97	30.320000000000004	29.59	32.06	31.97	31.800000000000004	32.60000000000001	29.76	32.230000000000004	30.610000000000003	31.330000000000005	30.570000000000004	31.32	30.810000000000002	0.78	30.8	32.43	32.63	1240.2700000000075
25006LRa218_T2T00_PoreC_06049	22.190000000000005	23.43	23.209999999999997	23.020000000000007	23.19	23.28	23.000000000000004	11.659999999999998	21.09	23.230000000000004	23.06	23.04	23.320000000000004	21.159999999999997	22.600000000000005	21.669999999999998	21.46	21.930000000000007	22.62	22.040000000000006	7.989999999999998	22.320000000000004	23.410000000000004	23.630000000000006	1014.6400000000096
25006LRa219_T2T04_PoreC_06051	15.630000000000003	16.2	16.04	15.839999999999996	16.089999999999996	16.21	16.11	8.05	14.31	16.01	16.15	15.769999999999996	16.3	14.83	16.119999999999997	15.96	15.200000000000003	16.509999999999998	15.75	15.68	5.68	16.18	16.32	15.969999999999999	918.9800000000067
25006LRa220_T2T12_PoreC_06053	27.57	29.150000000000006	28.980000000000004	28.810000000000002	28.86	28.790000000000003	28.740000000000002	28.650000000000006	24.880000000000003	29.000000000000004	28.520000000000007	28.540000000000006	29.260000000000005	27.69	28.060000000000002	27.450000000000003	25.59	27.840000000000003	28.28	27.42	0.72	26.970000000000002	28.33	27.880000000000006	1451.1400000000058
25006LRa221_T2T12_PoreC_06054	38.98	41.03000000000001	40.88000000000002	40.62999999999999	40.75000000000003	40.66000000000003	40.410000000000025	40.460000000000015	35.35000000000001	40.91000000000001	40.260000000000005	40.20000000000001	41.330000000000005	38.959999999999994	39.58	38.92000000000001	36.160000000000004	39.27	40.05000000000001	38.79000000000001	0.9800000000000004	38.330000000000005	40.35999999999999	39.50999999999999	1687.9500000000237
25006LRa222_T2T13_PoreC_06056	45.15999999999999	47.11000000000002	46.540000000000035	46.95000000000003	47.17000000000002	46.63000000000004	46.320000000000036	46.14000000000003	41.99	46.36000000000003	46.28000000000003	46.30000000000003	46.53000000000003	43.48	46.570000000000014	44.3	42.629999999999995	45.51	45.05	45.1	1.1800000000000006	44.89999999999999	47.36999999999999	43.970000000000006	2193.199999999993
25006LRa223_T2T13_PoreC_06057	20.970000000000002	21.849999999999998	21.599999999999994	21.759999999999998	21.88	21.699999999999996	21.549999999999997	21.37	19.480000000000004	21.52	21.509999999999998	21.45	21.589999999999996	20.139999999999997	21.55	20.61	19.84	21.130000000000006	20.910000000000004	20.990000000000002	0.5499999999999998	20.940000000000005	22.000000000000004	20.409999999999997	1361.5200000000048
25066LRa145_T2T12_PoreC_05688	45.27999999999999	47.810000000000024	47.50000000000003	47.22999999999998	47.51000000000002	47.28000000000002	46.990000000000016	47.08000000000003	41.03999999999999	47.54000000000002	46.810000000000024	46.760000000000026	48.130000000000024	45.289999999999985	45.88	44.89999999999999	41.919999999999995	45.48	46.39000000000001	44.830000000000005	1.1600000000000006	44.07	46.45999999999999	45.749999999999986	1818.090000000016
25066LRa146_T2T12_PoreC_05689	42.0	44.30000000000001	44.01000000000002	43.73999999999999	43.910000000000025	43.86000000000003	43.55000000000002	43.510000000000026	37.96999999999999	44.07000000000002	43.44000000000001	43.40000000000002	44.55000000000001	41.95999999999999	42.53	41.669999999999995	38.919999999999995	42.07	42.96000000000001	41.54000000000001	1.0600000000000005	40.94	42.99999999999999	42.22999999999999	1783.9200000000098
25066LRa147_T2T15_PoreC_05690	48.16999999999999	49.83000000000001	49.19000000000003	48.95999999999999	49.31000000000002	49.67000000000002	49.01000000000003	48.770000000000024	44.42999999999999	49.07000000000002	48.58000000000002	48.18999999999999	49.49000000000002	45.830000000000005	49.21000000000001	46.44999999999999	45.9	47.72999999999999	48.030000000000015	47.02	1.200000000000001	47.40999999999999	48.39	46.17	2499.2499999999372
25066LRa148_T2T15_PoreC_05691	37.93999999999999	39.27	38.87000000000001	38.52000000000001	38.870000000000026	39.050000000000004	38.60000000000002	38.44000000000001	34.949999999999996	38.670000000000016	38.35000000000001	37.96000000000001	39.06	36.13999999999999	38.690000000000026	36.55	36.15	37.53000000000001	37.80000000000001	37.13	0.9400000000000004	37.39	38.22	36.349999999999994	2146.5400000000077
25066LRa149_T2T16_PoreC_05692	39.14	41.65000000000001	41.21000000000003	41.55000000000002	41.230000000000025	41.31	40.950000000000024	40.72000000000003	35.999999999999986	41.59000000000001	40.41000000000002	40.89000000000001	40.78000000000003	38.07	40.340000000000025	38.17	37.589999999999996	38.959999999999994	40.56000000000001	39.1	0.9800000000000004	37.22999999999998	38.99	38.11999999999998	1425.1400000000006
25066LRa150_T2T16_PoreC_05693	36.71	39.14000000000001	38.78000000000002	39.02000000000002	38.76000000000002	38.870000000000005	38.370000000000026	38.27000000000002	33.809999999999995	39.09	37.91000000000001	38.410000000000004	38.25000000000002	35.739999999999995	37.90000000000002	35.68999999999999	35.28	36.58000000000001	38.040000000000006	36.72	0.9300000000000004	34.779999999999994	36.54	35.629999999999995	1324.4300000000069
