Sample	mosdepth-1_x_pc	mosdepth-5_x_pc	mosdepth-10_x_pc	mosdepth-30_x_pc	mosdepth-50_x_pc	mosdepth-median_coverage	mosdepth-mean_coverage	mosdepth-min_coverage	mosdepth-max_coverage	mosdepth-coverage_bases	mosdepth-length	pairtools-total	pairtools-frac_unmapped	pairtools-frac_single_sided_mapped	pairtools-frac_mapped	pairtools-frac_dups	pairtools-total_nodups	pairtools-frac_cis
24070LRa018_T2T00_PoreC_05375	95.0	92.0	87.0	12.0	1.0	21	20.1	0.0	14020.0	62642.542537999994	3117292070	226.417284	7.254697481487324	28.295078833292603	64.45022368522008	0.0	145.926446	53.4495179852458
24070LRa019_T2T00_PoreC_05376	95.0	92.0	87.0	13.0	1.0	21	20.39	0.0	15390.0	63551.458679999996	3117292070	227.988106	6.754636138781731	28.185094883853285	65.06026897736498	0.0	148.32967499999998	53.47306599303208
24070LRa_PoreC_04921	95.0	93.0	92.0	61.0	4.0	33	31.31	0.0	14021.0	97609.744721	3117292070	363.312916	6.782521599094485	29.2835074985333	63.93397090237222	0.0	232.280374	52.356255892716966
25006LRa037_T2T04_PoreC_05170	95.0	93.0	92.0	56.99999999999999	9.0	32	31.91	0.0	57481.0	99457.436374	3117292070	344.875109	6.7821397919442195	28.051273192928516	65.16658701512726	0.0	224.743338	53.1955260894096
25006LRa039_T2T01_PoreC_05236	94.0	92.0	91.0	73.0	13.0	38	35.73	0.0	10272.0	111370.24014899999	3117292070	403.405125	7.406053158100061	28.958667295067208	63.63527954683272	0.0	256.70797899999997	60.87211765240846
25006LRa040_T2T03_PoreC_05237	94.0	92.0	92.0	80.0	42.0	46	43.98	0.0	45913.0	137089.134074	3117292070	478.84331499999996	6.714342456676042	28.002924714527964	65.28273282879599	0.0	312.60200199999997	57.69337651266866
25006LRa041_T2T05_PoreC_05238	95.0	93.0	91.0	47.0	2.0	29	27.65	0.0	10564.0	86177.929744	3117292070	316.218802	9.96760021878775	29.18115223268729	60.85124754852495	0.0	192.42308599999998	60.9497906088046
25006LRa063_T2T02_05349_PoreC	95.0	93.0	89.0	28.999999999999996	5.0	23	24.81	0.0	11341.0	77355.340639	3117292070	248.307707	7.411537975339605	29.232637551600444	63.355824473059954	0.0	157.317395	40.64084076652807
25006LRa063_T2T02_PoreC_05349	95.0	93.0	89.0	28.999999999999996	5.0	23	24.81	0.0	11341.0	77355.340639	3117292070	248.307707	7.411537975339605	29.232637551600444	63.355824473059954	0.0	157.317395	40.64084076652807
25006LRa064_T2T06_05350_PoreC	95.0	91.0	77.0	8.0	1.0	15	16.33	0.0	13475.0	50911.50584	3117292070	162.57900999999998	6.559338748587533	29.56792700361504	63.872734247797425	0.0	103.843659	36.536574659797
25006LRa064_T2T06_PoreC_05350	95.0	91.0	77.0	8.0	1.0	15	16.33	0.0	13475.0	50911.50584	3117292070	162.57900999999998	6.559338748587533	29.56792700361504	63.872734247797425	0.0	103.843659	36.536574659797
25006LRa065_T2T07_05351_PoreC	94.0	92.0	91.0	67.0	14.000000000000002	36	35.07	0.0	27806.0	109317.703535	3117292070	375.195268	6.587389849490319	27.69666700593889	65.71594314457079	0.0	246.563109	59.54457323135068
25006LRa065_T2T07_PoreC_05351	94.0	92.0	91.0	67.0	14.000000000000002	36	35.07	0.0	27806.0	109317.703535	3117292070	375.195268	6.587389849490319	27.69666700593889	65.71594314457079	0.0	246.563109	59.54457323135068
25006LRa078_T2T04_PoreC_05377	95.0	93.0	91.0	43.0	2.0	28	27.3	0.0	45324.0	85108.133445	3117292070	305.571223	7.417333601469403	29.118502104499544	63.46416429403106	0.0	193.928223	51.32114782488364
25006LRa079_T2T04_PoreC_05378	95.0	93.0	89.0	28.000000000000004	1.0	24	23.83	0.0	40510.0	74294.29773199999	3117292070	265.394634	7.061476985250575	29.684683451437078	63.25383956331234	0.0	167.872296	51.87801744249688
25006LRa079_T2T04_PoreC_06050	95.0	93.0	91.0	43.0	2.0	28	27.4	0.0	46803.0	85426.100771	3117292070	301.961488	7.1382414170644175	28.806197961244646	64.05556062169093	0.0	193.423124	51.38883342614196
25006LRa080_T2T08_PoreC_05379	93.0	91.0	85.0	6.0	0.0	17	17.34	0.0	17488.0	54039.186898	3117292070	200.212281	7.746277562264026	30.43738760460953	61.81633483312644	0.0	123.763894	41.23372928133628
25006LRa081_T2T09_PoreC_05380	95.0	93.0	92.0	62.0	17.0	34	35.54	0.0	37728.0	110788.140717	3117292070	380.190052	6.755301950930584	30.207054970496706	63.037643078572714	0.0	239.662848	32.77421454993308
25006LRa082_T2T10_PoreC_05381	93.0	92.0	90.0	39.0	8.0	26	27.86	0.0	19319.0	86847.351343	3117292070	273.14252999999997	6.471448441222244	28.49542398249002	65.03312757628773	0.0	177.63313	39.444169564540125
25006LRa095_T2T11_PoreC_05486	95.0	93.0	91.0	55.00000000000001	7.000000000000001	31	30.88	0.0	16339.0	96250.671559	3117292070	325.563852	6.622123085089926	27.87234929263584	65.50552762227423	0.0	213.262319	55.12556064815182
25006LRa096_T2T11_PoreC_05487	95.0	94.0	92.0	75.0	34.0	42	41.56	0.0	22152.0	129558.575701	3117292070	433.51902099999995	6.057322223008065	27.61420542145024	66.3284723555417	0.0	287.546544	55.31695592209934
25006LRa097_T2T04_1_PoreC_05488	95.0	93.0	89.0	24.0	1.0	24	22.93	0.0	18077.0	71483.776373	3117292070	255.95161299999998	6.584360146228107	28.553430917428912	64.86220893634298	0.0	166.01586999999998	63.50074122431789
25006LRa098_T2T04_1_PoreC_05489	95.0	93.0	92.0	69.0	13.0	37	35.24	0.0	27700.0	109847.414873	3117292070	394.03964099999996	6.621294987932445	28.50554444597111	64.87316056609644	0.0	255.625969	63.23251296897774
25006LRa099_T2T04_2_PoreC_05490	94.0	92.0	92.0	66.0	23.0	36	37.19	0.0	41043.0	115944.31216999999	3117292070	373.858887	5.528012498469777	27.387130428171417	67.0848570733588	0.0	250.8027	50.36474168739012
25006LRa100_T2T04_2_PoreC_05491	94.0	92.0	90.0	42.0	5.0	27	27.77	0.0	30061.0	86569.07539299999	3117292070	283.266026	6.257638182137663	27.880794642136152	65.8615671757262	0.0	186.563444	50.25998555215351
25006LRa112_T2T13_PoreC_05519	94.0	92.0	91.0	78.0	28.999999999999996	42	40.49	0.0	36348.0	126232.708969	3117292070	462.422867	7.690871178306153	29.810388464201964	62.498740357491876	0.0	289.008467	56.7678852813679
25006LRa112_T2T13_PoreC_06055	93.0	91.0	88.0	19.0	1.0	22	21.71	0.0	19929.0	67668.754193	3117292070	241.95604799999998	6.542903197030231	29.077075188465635	64.38002161450413	0.0	155.771356	57.24741139186077
25006LRa113_T2T13_PoreC_05520	94.0	92.0	91.0	79.0	32.0	43	41.41	0.0	38210.0	129102.44698899999	3117292070	465.45561499999997	6.751878157061227	29.3336596659168	63.91446217702197	0.0	297.493453	56.915925810306824
25006LRa114_T2T14_PoreC_05521	94.0	92.0	91.0	62.0	15.0	34	34.26	0.0	15173.0	106785.359962	3117292070	361.867804	6.249924627171309	28.519028180799417	65.23104719202928	0.0	236.05015799999998	45.53185937710747
25006LRa115_T2T14_PoreC_05522	94.0	92.0	92.0	78.0	36.0	43	43.6	0.0	18282.0	135926.54879499998	3117292070	459.495237	6.5894167255535665	28.565887615501005	64.84469565894543	0.0	297.958288	46.32257250719604
25006LRa116_T2T01_PoreC_05523	94.0	92.0	91.0	72.0	11.0	37	35.28	0.0	15555.0	109988.091558	3117292070	400.67243099999996	7.967882122640976	28.720318918074	63.31179895928503	0.0	253.672924	59.39772034953167
25006LRa117_T2T02_PoreC_05524	95.0	93.0	91.0	45.0	10.0	28	30.36	0.0	16111.0	94632.390525	3117292070	307.831748	6.668790705759172	29.676960415401986	63.654248878838835	0.0	195.94798699999998	38.07506274611537
25006LRa118_T2T03_PoreC_05525	93.0	92.0	89.0	27.0	1.0	24	23.4	0.0	23579.0	72941.56131399999	3117292070	257.418058	6.903023874105989	28.428062338967685	64.66891378692632	0.0	166.469462	56.34599395773863
25006LRa119_T2T05_PoreC_05526	95.0	94.0	93.0	80.0	44.0	47	44.77	0.0	17273.0	139561.138485	3117292070	493.664297	7.650339761151494	28.413004718467622	63.93665552038089	0.0	315.632441	59.719180133324755
25006LRa120_T2T06_PoreC_05527	95.0	92.0	80.0	10.0	1.0	16	17.25	0.0	12283.0	53762.77155	3117292070	178.896285	7.592541119565451	30.665715053836923	61.74174382659763	0.0	110.45368599999999	34.091767657260434
25006LRa121_T2T07_PoreC_05528	94.0	92.0	92.0	78.0	34.0	43	41.67	0.0	31981.0	129910.568198	3117292070	451.881933	6.967740841278555	28.16187453106252	64.87038462765892	0.0	293.137548	57.93598676072709
25006LRa122_T2T08_PoreC_05529	94.0	92.0	91.0	50.0	4.0	30	29.59	0.0	30036.0	92225.606417	3117292070	340.0428	7.200769726634412	30.571170158580035	62.228060114785556	0.0	211.602038	40.42932894625523
25006LRa123_T2T09_PoreC_05530	95.0	93.0	91.0	45.0	8.0	28	29.73	0.0	31120.0	92671.393839	3117292070	322.228644	6.76647542234017	30.69135033197111	62.54217424568872	0.0	201.5288	31.40165177384076
25006LRa124_T2T10_PoreC_05531	94.0	92.0	91.0	69.0	27.0	37	40.1	0.0	28203.0	124992.134738	3117292070	388.829386	5.3780744853476685	28.227280126404846	66.39464538824748	0.0	258.16189199999997	37.93747955643275
25006LRa145_T2T12_PoreC_06052	94.0	92.0	92.0	77.0	39.0	45	42.99	0.0	24802.0	134008.076467	3117292070	465.46995699999997	7.787866102817029	27.65651854948825	64.55561534769471	0.0	300.486995	56.467952631360966
25006LRa168_T2T17_PoreC_05787	95.0	93.0	92.0	67.0	17.0	36	35.61	0.0	18368.0	111004.67297999999	3117292070	391.75431799999996	7.383994169529486	29.05028426515008	63.56572156532043	0.0	249.021459	57.401590840410265
25006LRa169_T2T17_PoreC_05788	95.0	93.0	90.0	38.0	2.0	26	25.95	0.0	12944.0	80907.934769	3117292070	285.771503	7.19302407140295	29.24926142828174	63.55771450031531	0.0	181.62983599999998	57.18798094383568
25006LRa170_T2T18_PoreC_05789	95.0	93.0	89.0	33.0	1.0	25	24.71	0.0	22292.0	77028.953201	3117292070	267.2768	7.299759649920981	30.061736746324407	62.638503603754614	0.0	167.418188	55.33122004641455
25006LRa171_T2T18_PoreC_05790	95.0	92.0	84.0	10.0	1.0	18	18.47	0.0	17231.0	57575.499792999995	3117292070	198.408187	7.233088118485756	29.826471323988258	62.94044055752599	0.0	124.878987	55.5445689193491
25006LRa172_T2T19_PoreC_05791	95.0	93.0	91.0	53.0	4.0	30	30.03	0.0	21916.0	93608.540323	3117292070	343.13788	7.415336948517605	30.80029345637969	61.7843695951027	0.0	212.005576	51.96244885559048
25006LRa173_T2T19_PoreC_05792	95.0	93.0	91.0	48.0	3.0	29	28.68	0.0	20929.0	89391.424502	3117292070	330.06012799999996	7.910994326464056	31.007617799869486	61.08138787366646	0.0	201.60530699999998	52.04459225867502
25006LRa192_T2T00-1_PoreC_05915	95.0	93.0	92.0	66.0	18.0	36	35.84	0.0	18879.0	111722.482668	3117292070	391.618503	6.798950967850464	29.251300467792245	63.94974856435729	0.0	250.43904799999999	51.04392307065469
25006LRa193_T2T00-1_PoreC_05916	95.0	93.0	91.0	57.99999999999999	10.0	33	32.42	0.0	17257.0	101053.940703	3117292070	355.775825	7.121181716042679	29.22609342554402	63.6527248584133	0.0	226.461007	51.014912249330415
25006LRa194_T2T00-2_PoreC_05917	94.0	92.0	91.0	68.0	15.0	36	35.53	0.0	24825.0	110746.46016399999	3117292070	389.133895	6.592470183045863	28.349112328033005	65.05841748892114	0.0	253.16435399999997	55.57296032284229
25006LRa195_T2T00-2_PoreC_05918	94.0	92.0	91.0	57.99999999999999	6.0	32	31.45	0.0	22338.0	98046.700109	3117292070	343.684467	6.36957677810909	28.388306533504178	65.24211668838673	0.0	224.22702099999998	55.558415950234654
25006LRa218_T2T00_PoreC_06049	95.0	93.0	88.0	21.0	1.0	23	22.18	0.0	10021.0	69128.523065	3117292070	250.38028799999998	6.921127513041283	29.278749771227996	63.80012271573072	0.0	159.742931	53.576040870315566
25006LRa219_T2T04_PoreC_06051	94.0	91.0	79.0	3.0	0.0	15	15.53	0.0	26626.0	48419.474626999996	3117292070	173.684224	7.379863124471224	30.562865629062546	62.05727124646623	0.0	107.78368999999999	51.73352573102665
25006LRa220_T2T12_PoreC_06053	94.0	92.0	90.0	48.0	3.0	29	28.02	0.0	15995.0	87361.96447199999	3117292070	299.775172	6.315449633033652	28.846783215255734	64.83776715171061	0.0	194.367528	56.85036751612132
25006LRa221_T2T12_PoreC_06054	94.0	92.0	91.0	73.0	28.999999999999996	41	39.58	0.0	22903.0	123391.920825	3117292070	425.271801	7.208203771780298	27.762327462666637	65.02946876555306	0.0	276.551993	56.617667550130435
25006LRa222_T2T13_PoreC_06056	94.0	92.0	92.0	83.0	45.0	48	45.51	0.0	40923.0	141859.315266	3117292070	512.284707	7.032839455814558	29.57369972787417	63.393460816311276	0.0	324.755005	57.16493822781884
25006LRa223_T2T13_PoreC_06057	93.0	91.0	88.0	16.0	1.0	22	21.11	0.0	18837.0	65814.47837099999	3117292070	239.94735	7.350964701214663	30.344415556162634	62.304619742622705	0.0	149.49828399999998	57.25253408259857
25066LRa145_T2T12_PoreC_05688	94.0	92.0	92.0	81.0	47.0	48	45.97	0.0	26878.0	143293.850214	3117292070	481.991514	5.702450811198307	26.901393952757434	67.39615523604427	0.0	324.843749	56.577991900961585
25066LRa146_T2T12_PoreC_05689	94.0	92.0	92.0	78.0	38.0	44	42.59	0.0	24416.0	132770.661011	3117292070	447.962292	5.898119656910765	26.90262532186526	67.19925502122396	0.0	301.02732299999997	56.467078903664834
25066LRa147_T2T15_PoreC_05690	94.0	93.0	92.0	84.0	51.0	50	47.97	0.0	90153.0	149542.814315	3117292070	523.887289	6.406474580451215	28.297059713544602	65.29646570600418	0.0	342.079884	54.32620498666913
25066LRa148_T2T15_PoreC_05691	94.0	92.0	92.0	73.0	22.0	39	37.8	0.0	72612.0	117836.104517	3117292070	415.784669	6.955085445923452	28.421950786261434	64.62296376781511	0.0	268.69237599999997	54.33595704256231
25066LRa149_T2T16_PoreC_05692	94.0	92.0	91.0	75.0	30.0	42	39.8	0.0	17739.0	124077.182299	3117292070	420.86236199999996	5.7782848255744	26.624876947299935	67.59683822712567	0.0	284.48965	59.88177847594807
25066LRa150_T2T16_PoreC_05693	94.0	92.0	91.0	71.0	22.0	39	37.36	0.0	16078.0	116475.64050499999	3117292070	395.16425899999996	5.741898332966393	26.60140475912828	67.65669690790533	0.0	267.355085	59.77504112180997
25066LRa152_T2TP02_PoreC_05695												570.502903	5.924983698110998	26.730279056967394	67.3447372449216	0.0	384.20368099999996	64.47125815017894
