Sample	UU	MU	MM	NM	NU	NN
24070LRa018_T2T00_PoreC_05375	145926446.0	3268791.0	1072226.0	1000745.0	30038578.0	13413937.0
24070LRa019_T2T00_PoreC_05376	148329675.0	3320140.0	1086882.0	1009379.0	30400280.0	12387144.0
24070LRa_PoreC_04921	232280374.0	5305987.0	1743153.0	1687437.0	49131135.0	19615513.0
25006LRa037_T2T04_PoreC_05170	224743338.0	5181914.0	1650535.0	1514430.0	44247498.0	18786596.0
25006LRa039_T2T01_PoreC_05236	256707979.0	5017181.0	2060274.0	1642912.0	53287234.0	24468784.0
25006LRa040_T2T03_PoreC_05237	312602002.0	6410186.0	2351473.0	1868785.0	61060642.0	26056463.0
25006LRa041_T2T05_PoreC_05238	192423086.0	4129318.0	1771188.0	1470506.0	41223486.0	26666208.0
25006LRa063_T2T02_05349_PoreC	157317395.0	4167655.0	1101990.0	1167366.0	33196671.0	15041714.0
25006LRa063_T2T02_PoreC_05349	157317395.0	4167655.0	1101990.0	1167366.0	33196671.0	15041714.0
25006LRa064_T2T06_05350_PoreC	103843659.0	2852804.0	667908.0	781234.0	22004473.0	8500984.0
25006LRa064_T2T06_PoreC_05350	103843659.0	2852804.0	667908.0	781234.0	22004473.0	8500984.0
25006LRa065_T2T07_05351_PoreC	246563109.0	5061238.0	1906879.0	1440278.0	47935136.0	19992704.0
25006LRa065_T2T07_PoreC_05351	246563109.0	5061238.0	1906879.0	1440278.0	47935136.0	19992704.0
25006LRa078_T2T04_PoreC_05377	193928223.0	4509812.0	1371467.0	1380390.0	40721212.0	18564846.0
25006LRa079_T2T04_PoreC_05378	167872296.0	3905992.0	1211566.0	1203856.0	35132900.0	15043186.0
25006LRa079_T2T04_PoreC_06050	193423124.0	4516840.0	1357842.0	1392346.0	41391749.0	17565713.0
25006LRa080_T2T08_PoreC_05379	123763894.0	2914590.0	677230.0	854247.0	27976014.0	13128269.0
25006LRa081_T2T09_PoreC_05380	239662848.0	6499204.0	1255350.0	1744851.0	52397097.0	21021695.0
25006LRa082_T2T10_PoreC_05381	177633130.0	4228700.0	930103.0	1076325.0	35527019.0	14613444.0
25006LRa095_T2T11_PoreC_05486	213262319.0	5124037.0	1789547.0	1591321.0	42568628.0	16744014.0
25006LRa096_T2T11_PoreC_05487	287546544.0	6900761.0	2421750.0	2104241.0	56117277.0	19859277.0
25006LRa097_T2T04_1_PoreC_05488	166015870.0	3478083.0	1448316.0	1181136.0	34654416.0	13134265.0
25006LRa098_T2T04_1_PoreC_05489	255625969.0	5388966.0	2236146.0	1817939.0	53098293.0	20358489.0
25006LRa099_T2T04_2_PoreC_05490	250802700.0	5705449.0	1648552.0	1517498.0	48346025.0	16162102.0
25006LRa100_T2T04_2_PoreC_05491	186563444.0	4249483.0	1228559.0	1160362.0	36927336.0	14248142.0
25006LRa112_T2T13_PoreC_05519	289008467.0	6023327.0	2131234.0	1990939.0	64890797.0	29496340.0
25006LRa112_T2T13_PoreC_06055	155771356.0	3229284.0	1155338.0	1018520.0	33326595.0	12701157.0
25006LRa113_T2T13_PoreC_05520	297493453.0	6194724.0	2206679.0	1980736.0	64417149.0	25354261.0
25006LRa114_T2T14_PoreC_05521	236050158.0	5408854.0	1361222.0	1458283.0	49218501.0	18497584.0
25006LRa115_T2T14_PoreC_05522	297958288.0	6788155.0	1730825.0	1882421.0	63428495.0	25054887.0
25006LRa116_T2T01_PoreC_05523	253672924.0	5013801.0	1924161.0	1675590.0	55744592.0	26812515.0
25006LRa117_T2T02_PoreC_05524	195947987.0	5275191.0	1278250.0	1512211.0	43682261.0	16437369.0
25006LRa118_T2T03_PoreC_05525	166469462.0	3459061.0	1204881.0	1048643.0	34830302.0	14553248.0
25006LRa119_T2T05_PoreC_05526	315632441.0	6861643.0	2790273.0	2373225.0	67261507.0	30478765.0
25006LRa120_T2T06_PoreC_05527	110453686.0	3072046.0	658956.0	928853.0	26687452.0	11223927.0
25006LRa121_T2T07_PoreC_05528	293137548.0	6111745.0	2167492.0	1801435.0	60630765.0	25871421.0
25006LRa122_T2T08_PoreC_05529	211602038.0	5025732.0	1123252.0	1511015.0	50031493.0	20511152.0
25006LRa123_T2T09_PoreC_05530	201528800.0	5520250.0	1011449.0	1558604.0	47461008.0	17889632.0
25006LRa124_T2T10_PoreC_05531	258161892.0	6231853.0	1290475.0	1575952.0	52515107.0	16676925.0
25006LRa145_T2T12_PoreC_06052	300486995.0	6195445.0	1984033.0	1793300.0	61376707.0	30837600.0
25006LRa168_T2T17_PoreC_05787	249021459.0	5536145.0	2074245.0	1880129.0	54564734.0	23309715.0
25006LRa169_T2T17_PoreC_05788	181629836.0	4029573.0	1500654.0	1372589.0	40043454.0	16460686.0
25006LRa170_T2T18_PoreC_05789	167418188.0	3815436.0	1377904.0	1319804.0	36920877.0	15456193.0
25006LRa171_T2T18_PoreC_05790	124878987.0	2885749.0	1058144.0	994245.0	27029788.0	11271846.0
25006LRa172_T2T19_PoreC_05791	212005576.0	4875824.0	1712750.0	1773379.0	51307906.0	20419074.0
25006LRa173_T2T19_PoreC_05792	201605307.0	4650364.0	1632894.0	1722249.0	49751148.0	21259038.0
25006LRa192_T2T00-1_PoreC_05915	250439048.0	5781907.0	1893726.0	1787689.0	54251906.0	21330243.0
25006LRa193_T2T00-1_PoreC_05916	226461007.0	5248483.0	1722297.0	1633502.0	49350948.0	20511070.0
25006LRa194_T2T00-2_PoreC_05917	253164354.0	5519714.0	1796515.0	1638667.0	52240293.0	20732001.0
25006LRa195_T2T00-2_PoreC_05918	224227021.0	4894630.0	1591105.0	1448500.0	46209949.0	17537461.0
25006LRa218_T2T00_PoreC_06049	159742931.0	3588606.0	1177977.0	1127178.0	33703679.0	13881823.0
25006LRa219_T2T04_PoreC_06051	107783690.0	2520163.0	768174.0	811680.0	23924279.0	10348035.0
25006LRa220_T2T12_PoreC_06053	194367528.0	4011030.0	1317991.0	1141319.0	38414021.0	15140233.0
25006LRa221_T2T12_PoreC_06054	276551993.0	5727862.0	1854615.0	1642164.0	55637465.0	25601325.0
25006LRa222_T2T13_PoreC_06056	324755005.0	6722761.0	2391185.0	2178612.0	71200863.0	29336839.0
25006LRa223_T2T13_PoreC_06057	149498284.0	3106984.0	1114432.0	1030916.0	33512260.0	14404351.0
25066LRa145_T2T12_PoreC_05688	324843749.0	6691109.0	2180824.0	1799771.0	61081375.0	21851962.0
25066LRa146_T2T12_PoreC_05689	301027323.0	6201614.0	2017230.0	1677875.0	56940229.0	21198582.0
25066LRa147_T2T15_PoreC_05690	342079884.0	7303384.0	2384651.0	2226949.0	70319779.0	26917484.0
25066LRa148_T2T15_PoreC_05691	268692376.0	5738923.0	1873783.0	1775752.0	56069565.0	23638894.0
25066LRa149_T2T16_PoreC_05692	284489650.0	5624125.0	1878026.0	1521955.0	52933235.0	19520495.0
25066LRa150_T2T16_PoreC_05693	267355085.0	5280093.0	1753661.0	1429782.0	49842990.0	18208928.0
25066LRa152_T2TP02_PoreC_05695	384203681.0	7798265.0	2762847.0	2234088.0	72405124.0	26779398.0
