id,window,forward_repeat_number,reverse_repeat_number,telomeric_repeat
haplotype1-0000001_Start,1000,0,164,TTAGGG
haplotype1-0000002_Start,1000,0,165,TTAGGG
haplotype1-0000003_Start,1000,0,162,TTAGGG
haplotype1-0000004_Start,1000,0,0,TTAGGG
haplotype1-0000005_Start,1000,0,164,TTAGGG
haplotype1-0000006_Start,1000,0,1,TTAGGG
haplotype1-0000007_Start,1000,0,163,TTAGGG
haplotype1-0000008_Start,1000,0,163,TTAGGG
haplotype1-0000009_Start,1000,0,164,TTAGGG
haplotype1-0000010_Start,1000,0,162,TTAGGG
haplotype1-0000011_Start,1000,0,164,TTAGGG
haplotype1-0000012_Start,1000,0,163,TTAGGG
haplotype1-0000013_Start,1000,0,162,TTAGGG
haplotype1-0000014_Start,1000,0,164,TTAGGG
haplotype1-0000015_Start,1000,0,164,TTAGGG
haplotype1-0000016_Start,1000,0,163,TTAGGG
haplotype1-0000017_Start,1000,0,163,TTAGGG
haplotype1-0000018_Start,1000,0,164,TTAGGG
haplotype1-0000019_Start,1000,0,164,TTAGGG
haplotype1-0000020_Start,1000,0,163,TTAGGG
haplotype1-0000021_Start,1000,0,164,TTAGGG
haplotype1-0000022_Start,1000,0,0,TTAGGG
haplotype1-0000023_Start,1000,0,166,TTAGGG
haplotype1-0000024_Start,1000,0,162,TTAGGG
haplotype1-0000025_Start,1000,0,0,TTAGGG
haplotype1-0000026_Start,1000,0,162,TTAGGG
haplotype1-0000027_Start,1000,0,0,TTAGGG
haplotype1-0000028_Start,1000,1,0,TTAGGG
haplotype1-0000029_Start,1000,0,1,TTAGGG
haplotype1-0000030_Start,1000,1,0,TTAGGG
haplotype1-0000031_Start,1000,0,1,TTAGGG
haplotype1-0000032_Start,1000,0,0,TTAGGG
haplotype1-0000033_Start,1000,0,0,TTAGGG
haplotype1-0000034_Start,1000,0,0,TTAGGG
haplotype1-0000035_Start,1000,0,0,TTAGGG
haplotype1-0000036_Start,1000,0,0,TTAGGG
haplotype1-0000037_Start,1000,0,0,TTAGGG
haplotype1-0000038_Start,1000,0,0,TTAGGG
haplotype1-0000039_Start,1000,0,0,TTAGGG
haplotype1-0000040_Start,1000,0,0,TTAGGG
haplotype1-0000041_Start,1000,1,0,TTAGGG
haplotype1-0000042_Start,1000,0,0,TTAGGG
haplotype1-0000043_Start,1000,0,0,TTAGGG
haplotype1-0000044_Start,1000,0,0,TTAGGG
haplotype1-0000045_Start,1000,0,0,TTAGGG
haplotype1-0000046_Start,1000,0,0,TTAGGG
haplotype1-0000047_Start,1000,0,0,TTAGGG
haplotype1-0000048_Start,1000,0,0,TTAGGG
haplotype1-0000049_Start,1000,0,0,TTAGGG
haplotype1-0000050_Start,1000,0,0,TTAGGG
haplotype1-0000051_Start,1000,0,0,TTAGGG
haplotype1-0000052_Start,1000,0,0,TTAGGG
haplotype1-0000053_Start,1000,0,0,TTAGGG
haplotype1-0000054_Start,1000,0,0,TTAGGG
haplotype1-0000055_Start,1000,0,0,TTAGGG
haplotype1-0000056_Start,1000,0,0,TTAGGG
haplotype1-0000057_Start,1000,0,1,TTAGGG
haplotype1-0000058_Start,1000,0,0,TTAGGG
haplotype1-0000059_Start,1000,0,0,TTAGGG
haplotype1-0000060_Start,1000,0,0,TTAGGG
haplotype1-0000061_Start,1000,0,0,TTAGGG
haplotype1-0000062_Start,1000,0,0,TTAGGG
haplotype1-0000063_Start,1000,0,0,TTAGGG
haplotype1-0000064_Start,1000,2,0,TTAGGG
haplotype1-0000065_Start,1000,0,1,TTAGGG
haplotype1-0000066_Start,1000,0,0,TTAGGG
haplotype1-0000067_Start,1000,0,0,TTAGGG
haplotype1-0000068_Start,1000,0,0,TTAGGG
haplotype1-0000069_Start,1000,0,0,TTAGGG
haplotype1-0000070_Start,1000,0,0,TTAGGG
haplotype1-0000071_Start,1000,0,0,TTAGGG
haplotype1-0000072_Start,1000,0,0,TTAGGG
haplotype1-0000073_Start,1000,0,1,TTAGGG
haplotype1-0000074_Start,1000,0,0,TTAGGG
haplotype1-0000075_Start,1000,0,0,TTAGGG
haplotype1-0000076_Start,1000,0,0,TTAGGG
haplotype1-0000077_Start,1000,0,0,TTAGGG
haplotype1-0000078_Start,1000,0,0,TTAGGG
haplotype1-0000079_Start,1000,0,0,TTAGGG
haplotype1-0000080_Start,1000,1,0,TTAGGG
haplotype1-0000081_Start,1000,0,0,TTAGGG
haplotype1-0000082_Start,1000,0,1,TTAGGG
haplotype1-0000083_Start,1000,0,0,TTAGGG
haplotype1-0000084_Start,1000,0,1,TTAGGG
haplotype1-0000085_Start,1000,1,0,TTAGGG
haplotype1-0000086_Start,1000,1,0,TTAGGG
haplotype1-0000087_Start,1000,0,0,TTAGGG
haplotype1-0000088_Start,1000,0,0,TTAGGG
haplotype1-0000089_Start,1000,0,1,TTAGGG
haplotype1-0000090_Start,1000,0,0,TTAGGG
haplotype1-0000091_Start,1000,0,0,TTAGGG
haplotype1-0000092_Start,1000,0,0,TTAGGG
haplotype1-0000093_Start,1000,0,0,TTAGGG
haplotype1-0000094_Start,1000,0,0,TTAGGG
haplotype1-0000095_Start,1000,0,0,TTAGGG
haplotype1-0000096_Start,1000,0,0,TTAGGG
haplotype1-0000097_Start,1000,0,0,TTAGGG
haplotype1-0000098_Start,1000,0,0,TTAGGG
haplotype1-0000099_Start,1000,0,0,TTAGGG
haplotype1-0000100_Start,1000,0,0,TTAGGG
haplotype1-0000101_Start,1000,0,0,TTAGGG
haplotype1-0000102_Start,1000,0,0,TTAGGG
haplotype1-0000103_Start,1000,0,0,TTAGGG
haplotype1-0000104_Start,1000,0,0,TTAGGG
haplotype1-0000105_Start,1000,0,0,TTAGGG
haplotype1-0000106_Start,1000,0,165,TTAGGG
haplotype1-0000107_Start,1000,0,0,TTAGGG
haplotype1-0000108_Start,1000,0,0,TTAGGG
haplotype1-0000109_Start,1000,0,0,TTAGGG
haplotype1-0000110_Start,1000,0,0,TTAGGG
haplotype1-0000111_Start,1000,0,0,TTAGGG
haplotype1-0000112_Start,1000,0,0,TTAGGG
haplotype1-0000113_Start,1000,0,0,TTAGGG
haplotype1-0000114_Start,1000,0,0,TTAGGG
haplotype1-0000115_Start,1000,0,0,TTAGGG
haplotype1-0000116_Start,1000,0,0,TTAGGG
haplotype1-0000117_Start,1000,0,0,TTAGGG
haplotype1-0000118_Start,1000,0,0,TTAGGG
haplotype1-0000119_Start,1000,0,0,TTAGGG
haplotype1-0000120_Start,1000,0,165,TTAGGG
haplotype1-0000121_Start,1000,0,0,TTAGGG
haplotype1-0000122_Start,1000,0,0,TTAGGG
haplotype1-0000123_Start,1000,0,0,TTAGGG
haplotype1-0000124_Start,1000,0,0,TTAGGG
haplotype1-0000125_Start,1000,0,0,TTAGGG
haplotype1-0000126_Start,1000,0,0,TTAGGG
haplotype1-0000127_Start,1000,0,0,TTAGGG
haplotype1-0000128_Start,1000,0,1,TTAGGG
haplotype1-0000129_Start,1000,0,0,TTAGGG
haplotype1-0000130_Start,1000,0,1,TTAGGG
haplotype1-0000131_Start,1000,0,1,TTAGGG
haplotype1-0000132_Start,1000,0,1,TTAGGG
haplotype1-0000133_Start,1000,0,0,TTAGGG
haplotype1-0000134_Start,1000,0,0,TTAGGG
haplotype1-0000135_Start,1000,0,0,TTAGGG
haplotype1-0000136_Start,1000,0,0,TTAGGG
haplotype1-0000137_Start,1000,1,0,TTAGGG
haplotype1-0000138_Start,1000,0,0,TTAGGG
haplotype2-0000139_Start,1000,0,164,TTAGGG
haplotype2-0000140_Start,1000,0,162,TTAGGG
haplotype2-0000141_Start,1000,0,0,TTAGGG
haplotype2-0000142_Start,1000,0,127,TTAGGG
haplotype2-0000143_Start,1000,0,165,TTAGGG
haplotype2-0000144_Start,1000,0,163,TTAGGG
haplotype2-0000145_Start,1000,0,164,TTAGGG
haplotype2-0000146_Start,1000,0,163,TTAGGG
haplotype2-0000147_Start,1000,0,163,TTAGGG
haplotype2-0000148_Start,1000,0,164,TTAGGG
haplotype2-0000149_Start,1000,0,163,TTAGGG
haplotype2-0000150_Start,1000,0,165,TTAGGG
haplotype2-0000151_Start,1000,0,162,TTAGGG
haplotype2-0000152_Start,1000,0,164,TTAGGG
haplotype2-0000153_Start,1000,0,164,TTAGGG
haplotype2-0000154_Start,1000,0,163,TTAGGG
haplotype2-0000155_Start,1000,2,0,TTAGGG
haplotype2-0000156_Start,1000,0,0,TTAGGG
haplotype2-0000157_Start,1000,0,0,TTAGGG
haplotype2-0000158_Start,1000,0,164,TTAGGG
haplotype2-0000159_Start,1000,0,120,TTAGGG
haplotype2-0000160_Start,1000,0,162,TTAGGG
haplotype2-0000161_Start,1000,0,165,TTAGGG
haplotype2-0000162_Start,1000,0,0,TTAGGG
haplotype2-0000163_Start,1000,0,1,TTAGGG
haplotype2-0000164_Start,1000,0,165,TTAGGG
haplotype2-0000165_Start,1000,0,0,TTAGGG
haplotype2-0000166_Start,1000,0,163,TTAGGG
haplotype2-0000167_Start,1000,0,0,TTAGGG
haplotype2-0000168_Start,1000,0,0,TTAGGG
haplotype2-0000169_Start,1000,0,164,TTAGGG
haplotype2-0000170_Start,1000,0,1,TTAGGG
haplotype2-0000171_Start,1000,0,0,TTAGGG
haplotype2-0000172_Start,1000,1,0,TTAGGG
haplotype2-0000173_Start,1000,0,0,TTAGGG
haplotype2-0000174_Start,1000,0,0,TTAGGG
haplotype2-0000175_Start,1000,0,0,TTAGGG
haplotype2-0000176_Start,1000,0,0,TTAGGG
haplotype2-0000177_Start,1000,8,0,TTAGGG
haplotype2-0000178_Start,1000,1,0,TTAGGG
haplotype2-0000179_Start,1000,0,1,TTAGGG
haplotype2-0000180_Start,1000,0,0,TTAGGG
haplotype2-0000181_Start,1000,0,0,TTAGGG
haplotype2-0000182_Start,1000,0,1,TTAGGG
haplotype2-0000183_Start,1000,0,165,TTAGGG
haplotype2-0000184_Start,1000,1,0,TTAGGG
haplotype2-0000185_Start,1000,0,0,TTAGGG
haplotype2-0000186_Start,1000,0,0,TTAGGG
haplotype2-0000187_Start,1000,0,0,TTAGGG
haplotype2-0000188_Start,1000,0,0,TTAGGG
haplotype2-0000189_Start,1000,0,0,TTAGGG
haplotype2-0000190_Start,1000,0,0,TTAGGG
haplotype2-0000191_Start,1000,1,0,TTAGGG
haplotype2-0000192_Start,1000,0,0,TTAGGG
haplotype2-0000193_Start,1000,0,0,TTAGGG
haplotype2-0000194_Start,1000,0,1,TTAGGG
haplotype2-0000195_Start,1000,0,1,TTAGGG
haplotype2-0000196_Start,1000,0,1,TTAGGG
haplotype2-0000197_Start,1000,0,0,TTAGGG
haplotype2-0000198_Start,1000,0,0,TTAGGG
haplotype2-0000199_Start,1000,0,0,TTAGGG
haplotype2-0000200_Start,1000,0,0,TTAGGG
haplotype2-0000201_Start,1000,0,0,TTAGGG
haplotype2-0000202_Start,1000,0,0,TTAGGG
haplotype2-0000203_Start,1000,0,0,TTAGGG
haplotype2-0000204_Start,1000,0,0,TTAGGG
haplotype2-0000205_Start,1000,0,0,TTAGGG
haplotype2-0000206_Start,1000,0,0,TTAGGG
haplotype2-0000207_Start,1000,2,0,TTAGGG
haplotype2-0000208_Start,1000,1,0,TTAGGG
haplotype2-0000209_Start,1000,0,1,TTAGGG
haplotype2-0000210_Start,1000,0,0,TTAGGG
haplotype2-0000211_Start,1000,0,0,TTAGGG
haplotype2-0000212_Start,1000,0,0,TTAGGG
haplotype2-0000213_Start,1000,1,0,TTAGGG
haplotype2-0000214_Start,1000,0,0,TTAGGG
haplotype2-0000215_Start,1000,0,0,TTAGGG
haplotype2-0000216_Start,1000,0,0,TTAGGG
haplotype2-0000217_Start,1000,0,0,TTAGGG
haplotype2-0000218_Start,1000,0,0,TTAGGG
haplotype2-0000219_Start,1000,0,0,TTAGGG
haplotype2-0000220_Start,1000,0,0,TTAGGG
haplotype2-0000221_Start,1000,0,1,TTAGGG
haplotype2-0000222_Start,1000,0,0,TTAGGG
haplotype2-0000223_Start,1000,0,0,TTAGGG
haplotype2-0000224_Start,1000,1,0,TTAGGG
haplotype2-0000225_Start,1000,0,1,TTAGGG
haplotype2-0000226_Start,1000,0,0,TTAGGG
haplotype2-0000227_Start,1000,0,0,TTAGGG
haplotype2-0000228_Start,1000,0,0,TTAGGG
haplotype2-0000229_Start,1000,0,0,TTAGGG
haplotype2-0000230_Start,1000,1,0,TTAGGG
haplotype2-0000231_Start,1000,1,1,TTAGGG
haplotype2-0000232_Start,1000,0,0,TTAGGG
haplotype2-0000233_Start,1000,1,0,TTAGGG
haplotype2-0000234_Start,1000,1,0,TTAGGG
haplotype2-0000235_Start,1000,0,0,TTAGGG
haplotype2-0000236_Start,1000,0,0,TTAGGG
haplotype2-0000237_Start,1000,1,0,TTAGGG
haplotype2-0000238_Start,1000,0,0,TTAGGG
haplotype2-0000239_Start,1000,0,0,TTAGGG
haplotype2-0000240_Start,1000,0,0,TTAGGG
haplotype2-0000241_Start,1000,0,0,TTAGGG
haplotype2-0000242_Start,1000,1,0,TTAGGG
haplotype2-0000243_Start,1000,0,0,TTAGGG
haplotype2-0000244_Start,1000,0,0,TTAGGG
haplotype2-0000245_Start,1000,0,0,TTAGGG
haplotype2-0000246_Start,1000,0,0,TTAGGG
haplotype2-0000247_Start,1000,1,0,TTAGGG
haplotype2-0000248_Start,1000,0,0,TTAGGG
haplotype2-0000249_Start,1000,0,0,TTAGGG
haplotype2-0000250_Start,1000,0,0,TTAGGG
haplotype2-0000251_Start,1000,0,0,TTAGGG
haplotype2-0000252_Start,1000,0,0,TTAGGG
unassigned-0000253_Start,1000,1,0,TTAGGG
unassigned-0000254_Start,1000,0,0,TTAGGG
unassigned-0000255_Start,1000,0,0,TTAGGG
unassigned-0000256_Start,1000,0,0,TTAGGG
unassigned-0000260_Start,1000,0,0,TTAGGG
unassigned-0000262_Start,1000,2,0,TTAGGG
unassigned-0000263_Start,1000,0,0,TTAGGG
unassigned-0000265_Start,1000,0,0,TTAGGG
unassigned-0000266_Start,1000,0,0,TTAGGG
unassigned-0000267_Start,1000,0,0,TTAGGG
unassigned-0000270_Start,1000,0,0,TTAGGG
unassigned-0000272_Start,1000,0,0,TTAGGG
unassigned-0000273_Start,1000,0,0,TTAGGG
unassigned-0000274_Start,1000,0,0,TTAGGG
unassigned-0000275_Start,1000,0,0,TTAGGG
unassigned-0000276_Start,1000,0,0,TTAGGG
unassigned-0000277_Start,1000,0,0,TTAGGG
unassigned-0000279_Start,1000,0,0,TTAGGG
unassigned-0000281_Start,1000,0,0,TTAGGG
unassigned-0000282_Start,1000,0,0,TTAGGG
unassigned-0000283_Start,1000,1,0,TTAGGG
unassigned-0000285_Start,1000,0,0,TTAGGG
unassigned-0000286_Start,1000,0,0,TTAGGG
unassigned-0000287_Start,1000,0,0,TTAGGG
unassigned-0000288_Start,1000,0,0,TTAGGG
unassigned-0000290_Start,1000,2,0,TTAGGG
unassigned-0000291_Start,1000,0,0,TTAGGG
unassigned-0000292_Start,1000,0,0,TTAGGG
unassigned-0000293_Start,1000,0,0,TTAGGG
unassigned-0000294_Start,1000,0,0,TTAGGG
unassigned-0000295_Start,1000,0,0,TTAGGG
unassigned-0000296_Start,1000,0,0,TTAGGG
unassigned-0000297_Start,1000,0,0,TTAGGG
unassigned-0000299_Start,1000,0,0,TTAGGG
unassigned-0000300_Start,1000,0,0,TTAGGG
unassigned-0000301_Start,1000,0,1,TTAGGG
unassigned-0000303_Start,1000,0,0,TTAGGG
unassigned-0000304_Start,1000,0,0,TTAGGG
unassigned-0000305_Start,1000,0,0,TTAGGG
unassigned-0000307_Start,1000,0,0,TTAGGG
unassigned-0000308_Start,1000,0,0,TTAGGG
unassigned-0000309_Start,1000,0,0,TTAGGG
unassigned-0000310_Start,1000,0,0,TTAGGG
unassigned-0000312_Start,1000,0,0,TTAGGG
unassigned-0000313_Start,1000,0,0,TTAGGG
unassigned-0000314_Start,1000,0,0,TTAGGG
unassigned-0000315_Start,1000,0,0,TTAGGG
unassigned-0000316_Start,1000,0,0,TTAGGG
unassigned-0000317_Start,1000,0,0,TTAGGG
unassigned-0000318_Start,1000,0,0,TTAGGG
unassigned-0000319_Start,1000,0,0,TTAGGG
unassigned-0000320_Start,1000,0,0,TTAGGG
unassigned-0000321_Start,1000,0,0,TTAGGG
unassigned-0000322_Start,1000,0,1,TTAGGG
unassigned-0000323_Start,1000,0,0,TTAGGG
unassigned-0000324_Start,1000,0,0,TTAGGG
unassigned-0000325_Start,1000,0,0,TTAGGG
unassigned-0000326_Start,1000,0,0,TTAGGG
unassigned-0000327_Start,1000,0,0,TTAGGG
unassigned-0000328_Start,1000,0,0,TTAGGG
unassigned-0000329_Start,1000,0,0,TTAGGG
unassigned-0000330_Start,1000,0,0,TTAGGG
unassigned-0000331_Start,1000,0,0,TTAGGG
unassigned-0000332_Start,1000,0,0,TTAGGG
unassigned-0000333_Start,1000,0,0,TTAGGG
unassigned-0000334_Start,1000,0,0,TTAGGG
unassigned-0000335_Start,1000,0,0,TTAGGG
unassigned-0000336_Start,1000,1,0,TTAGGG
unassigned-0000337_Start,1000,0,0,TTAGGG
unassigned-0000338_Start,1000,2,0,TTAGGG
unassigned-0000339_Start,1000,0,0,TTAGGG
unassigned-0000340_Start,1000,0,0,TTAGGG
unassigned-0000341_Start,1000,0,0,TTAGGG
unassigned-0000343_Start,1000,0,0,TTAGGG
unassigned-0000344_Start,1000,0,0,TTAGGG
unassigned-0000345_Start,1000,0,0,TTAGGG
unassigned-0000346_Start,1000,0,0,TTAGGG
unassigned-0000347_Start,1000,0,0,TTAGGG
unassigned-0000348_Start,1000,0,0,TTAGGG
unassigned-0000349_Start,1000,0,0,TTAGGG
unassigned-0000350_Start,1000,0,1,TTAGGG
unassigned-0000351_Start,1000,0,0,TTAGGG
unassigned-0000352_Start,1000,0,0,TTAGGG
unassigned-0000355_Start,1000,0,0,TTAGGG
unassigned-0000356_Start,1000,0,0,TTAGGG
unassigned-0000357_Start,1000,0,0,TTAGGG
unassigned-0000358_Start,1000,0,0,TTAGGG
unassigned-0000359_Start,1000,0,0,TTAGGG
unassigned-0000360_Start,1000,0,0,TTAGGG
unassigned-0000362_Start,1000,0,0,TTAGGG
unassigned-0000363_Start,1000,0,0,TTAGGG
unassigned-0000364_Start,1000,1,0,TTAGGG
unassigned-0000365_Start,1000,0,0,TTAGGG
unassigned-0000366_Start,1000,0,0,TTAGGG
unassigned-0000367_Start,1000,0,0,TTAGGG
unassigned-0000368_Start,1000,1,0,TTAGGG
unassigned-0000369_Start,1000,0,0,TTAGGG
unassigned-0000370_Start,1000,0,0,TTAGGG
unassigned-0000373_Start,1000,0,0,TTAGGG
unassigned-0000378_Start,1000,0,0,TTAGGG
unassigned-0000379_Start,1000,0,0,TTAGGG
unassigned-0000380_Start,1000,0,0,TTAGGG
unassigned-0000383_Start,1000,0,0,TTAGGG
unassigned-0000384_Start,1000,0,0,TTAGGG
unassigned-0000385_Start,1000,0,0,TTAGGG
unassigned-0000386_Start,1000,0,0,TTAGGG
unassigned-0000387_Start,1000,0,0,TTAGGG
unassigned-0000388_Start,1000,0,0,TTAGGG
unassigned-0000389_Start,1000,0,0,TTAGGG
unassigned-0000390_Start,1000,0,0,TTAGGG
unassigned-0000391_Start,1000,0,0,TTAGGG
unassigned-0000392_Start,1000,0,0,TTAGGG
unassigned-0000393_Start,1000,0,0,TTAGGG
unassigned-0000394_Start,1000,0,0,TTAGGG
unassigned-0000395_Start,1000,0,0,TTAGGG
unassigned-0000396_Start,1000,0,0,TTAGGG
unassigned-0000397_Start,1000,0,0,TTAGGG
unassigned-0000398_Start,1000,0,0,TTAGGG
unassigned-0000399_Start,1000,0,0,TTAGGG
unassigned-0000400_Start,1000,0,0,TTAGGG
unassigned-0000401_Start,1000,0,0,TTAGGG
unassigned-0000402_Start,1000,0,0,TTAGGG
unassigned-0000403_Start,1000,0,0,TTAGGG
unassigned-0000404_Start,1000,0,0,TTAGGG
unassigned-0000405_Start,1000,0,0,TTAGGG
unassigned-0000406_Start,1000,0,0,TTAGGG
unassigned-0000407_Start,1000,0,0,TTAGGG
unassigned-0000408_Start,1000,0,0,TTAGGG
unassigned-0000412_Start,1000,0,0,TTAGGG
unassigned-0000413_Start,1000,0,0,TTAGGG
unassigned-0000414_Start,1000,0,0,TTAGGG
unassigned-0000415_Start,1000,0,0,TTAGGG
unassigned-0000416_Start,1000,0,0,TTAGGG
unassigned-0000418_Start,1000,0,0,TTAGGG
unassigned-0000419_Start,1000,0,0,TTAGGG
unassigned-0000421_Start,1000,0,0,TTAGGG
unassigned-0000423_Start,1000,0,0,TTAGGG
unassigned-0000424_Start,1000,0,0,TTAGGG
unassigned-0000425_Start,1000,0,0,TTAGGG
unassigned-0000426_Start,1000,0,0,TTAGGG
unassigned-0000427_Start,1000,0,0,TTAGGG
unassigned-0000428_Start,1000,0,0,TTAGGG
unassigned-0000429_Start,1000,0,1,TTAGGG
unassigned-0000430_Start,1000,0,0,TTAGGG
unassigned-0000431_Start,1000,0,0,TTAGGG
unassigned-0000432_Start,1000,0,0,TTAGGG
unassigned-0000433_Start,1000,0,0,TTAGGG
unassigned-0000434_Start,1000,0,0,TTAGGG
unassigned-0000435_Start,1000,1,0,TTAGGG
unassigned-0000436_Start,1000,0,0,TTAGGG
unassigned-0000438_Start,1000,0,0,TTAGGG
unassigned-0000439_Start,1000,0,0,TTAGGG
unassigned-0000440_Start,1000,0,0,TTAGGG
unassigned-0000441_Start,1000,0,0,TTAGGG
unassigned-0000442_Start,1000,0,0,TTAGGG
unassigned-0000443_Start,1000,0,0,TTAGGG
unassigned-0000444_Start,1000,0,0,TTAGGG
unassigned-0000445_Start,1000,0,0,TTAGGG
unassigned-0000446_Start,1000,0,0,TTAGGG
unassigned-0000447_Start,1000,0,0,TTAGGG
unassigned-0000448_Start,1000,0,0,TTAGGG
unassigned-0000449_Start,1000,0,0,TTAGGG
unassigned-0000450_Start,1000,0,0,TTAGGG
unassigned-0000451_Start,1000,0,0,TTAGGG
unassigned-0000452_Start,1000,0,0,TTAGGG
unassigned-0000453_Start,1000,0,0,TTAGGG
unassigned-0000454_Start,1000,0,1,TTAGGG
unassigned-0000455_Start,1000,0,0,TTAGGG
unassigned-0000456_Start,1000,0,0,TTAGGG
unassigned-0000457_Start,1000,0,0,TTAGGG
unassigned-0000458_Start,1000,0,0,TTAGGG
unassigned-0000459_Start,1000,0,0,TTAGGG
unassigned-0000460_Start,1000,0,1,TTAGGG
unassigned-0000461_Start,1000,0,0,TTAGGG
unassigned-0000462_Start,1000,0,0,TTAGGG
unassigned-0000463_Start,1000,1,0,TTAGGG
unassigned-0000464_Start,1000,0,0,TTAGGG
unassigned-0000466_Start,1000,0,0,TTAGGG
unassigned-0000468_Start,1000,0,0,TTAGGG
unassigned-0000469_Start,1000,0,0,TTAGGG
unassigned-0000470_Start,1000,0,0,TTAGGG
unassigned-0000471_Start,1000,0,0,TTAGGG
unassigned-0000472_Start,1000,0,0,TTAGGG
unassigned-0000473_Start,1000,0,0,TTAGGG
unassigned-0000474_Start,1000,0,0,TTAGGG
unassigned-0000475_Start,1000,0,0,TTAGGG
unassigned-0000476_Start,1000,0,0,TTAGGG
unassigned-0000477_Start,1000,0,0,TTAGGG
unassigned-0000478_Start,1000,1,0,TTAGGG
unassigned-0000479_Start,1000,0,0,TTAGGG
unassigned-0000480_Start,1000,0,0,TTAGGG
unassigned-0000481_Start,1000,0,0,TTAGGG
unassigned-0000482_Start,1000,0,0,TTAGGG
unassigned-0000483_Start,1000,0,0,TTAGGG
unassigned-0000484_Start,1000,0,0,TTAGGG
unassigned-0000485_Start,1000,0,0,TTAGGG
unassigned-0000486_Start,1000,0,0,TTAGGG
unassigned-0000487_Start,1000,0,0,TTAGGG
unassigned-0000488_Start,1000,0,0,TTAGGG
unassigned-0000489_Start,1000,0,2,TTAGGG
unassigned-0000490_Start,1000,0,0,TTAGGG
unassigned-0000491_Start,1000,0,0,TTAGGG
unassigned-0000493_Start,1000,0,0,TTAGGG
unassigned-0000494_Start,1000,0,0,TTAGGG
unassigned-0000495_Start,1000,0,0,TTAGGG
unassigned-0000496_Start,1000,0,0,TTAGGG
unassigned-0000497_Start,1000,2,0,TTAGGG
unassigned-0000498_Start,1000,0,0,TTAGGG
unassigned-0000499_Start,1000,0,0,TTAGGG
unassigned-0000501_Start,1000,0,0,TTAGGG
unassigned-0000502_Start,1000,0,0,TTAGGG
unassigned-0000503_Start,1000,0,0,TTAGGG
unassigned-0000504_Start,1000,0,0,TTAGGG
unassigned-0000505_Start,1000,1,0,TTAGGG
unassigned-0000506_Start,1000,0,0,TTAGGG
unassigned-0000507_Start,1000,0,0,TTAGGG
unassigned-0000508_Start,1000,0,0,TTAGGG
unassigned-0000509_Start,1000,0,0,TTAGGG
unassigned-0000510_Start,1000,0,0,TTAGGG
unassigned-0000513_Start,1000,0,0,TTAGGG
unassigned-0000514_Start,1000,0,0,TTAGGG
unassigned-0000515_Start,1000,0,0,TTAGGG
unassigned-0000516_Start,1000,0,0,TTAGGG
unassigned-0000517_Start,1000,0,0,TTAGGG
unassigned-0000518_Start,1000,0,0,TTAGGG
unassigned-0000519_Start,1000,0,0,TTAGGG
unassigned-0000520_Start,1000,0,2,TTAGGG
unassigned-0000522_Start,1000,0,0,TTAGGG
unassigned-0000523_Start,1000,0,0,TTAGGG
unassigned-0000524_Start,1000,0,0,TTAGGG
unassigned-0000525_Start,1000,0,0,TTAGGG
unassigned-0000526_Start,1000,0,0,TTAGGG
unassigned-0000527_Start,1000,0,0,TTAGGG
unassigned-0000528_Start,1000,0,0,TTAGGG
unassigned-0000529_Start,1000,0,0,TTAGGG
unassigned-0000530_Start,1000,0,0,TTAGGG
unassigned-0000531_Start,1000,0,0,TTAGGG
unassigned-0000532_Start,1000,0,0,TTAGGG
unassigned-0000533_Start,1000,0,0,TTAGGG
unassigned-0000534_Start,1000,0,27,TTAGGG
unassigned-0000535_Start,1000,0,0,TTAGGG
unassigned-0000536_Start,1000,0,0,TTAGGG
unassigned-0000537_Start,1000,0,0,TTAGGG
unassigned-0000538_Start,1000,0,0,TTAGGG
unassigned-0000539_Start,1000,0,0,TTAGGG
unassigned-0000540_Start,1000,0,0,TTAGGG
unassigned-0000541_Start,1000,0,0,TTAGGG
unassigned-0000542_Start,1000,0,0,TTAGGG
unassigned-0000543_Start,1000,0,0,TTAGGG
unassigned-0000544_Start,1000,0,0,TTAGGG
unassigned-0000545_Start,1000,0,0,TTAGGG
unassigned-0000546_Start,1000,0,0,TTAGGG
unassigned-0000547_Start,1000,0,0,TTAGGG
unassigned-0000548_Start,1000,0,0,TTAGGG
unassigned-0000549_Start,1000,0,0,TTAGGG
unassigned-0000550_Start,1000,0,0,TTAGGG
unassigned-0000551_Start,1000,1,0,TTAGGG
unassigned-0000553_Start,1000,1,0,TTAGGG
unassigned-0000554_Start,1000,0,0,TTAGGG
unassigned-0000555_Start,1000,0,0,TTAGGG
unassigned-0000556_Start,1000,0,0,TTAGGG
unassigned-0000557_Start,1000,0,0,TTAGGG
unassigned-0000558_Start,1000,0,1,TTAGGG
unassigned-0000559_Start,1000,0,0,TTAGGG
unassigned-0000560_Start,1000,0,1,TTAGGG
unassigned-0000561_Start,1000,0,0,TTAGGG
unassigned-0000562_Start,1000,0,0,TTAGGG
unassigned-0000563_Start,1000,0,1,TTAGGG
unassigned-0000564_Start,1000,0,0,TTAGGG
unassigned-0000566_Start,1000,0,0,TTAGGG
unassigned-0000567_Start,1000,0,0,TTAGGG
unassigned-0000568_Start,1000,0,0,TTAGGG
unassigned-0000569_Start,1000,0,0,TTAGGG
unassigned-0000570_Start,1000,0,1,TTAGGG
unassigned-0000571_Start,1000,0,0,TTAGGG
unassigned-0000572_Start,1000,0,0,TTAGGG
unassigned-0000573_Start,1000,0,0,TTAGGG
unassigned-0000574_Start,1000,2,0,TTAGGG
unassigned-0000575_Start,1000,0,0,TTAGGG
unassigned-0000576_Start,1000,0,0,TTAGGG
unassigned-0000577_Start,1000,0,0,TTAGGG
unassigned-0000578_Start,1000,0,0,TTAGGG
unassigned-0000579_Start,1000,0,0,TTAGGG
unassigned-0000580_Start,1000,0,0,TTAGGG
unassigned-0000581_Start,1000,0,0,TTAGGG
unassigned-0000582_Start,1000,0,0,TTAGGG
unassigned-0000583_Start,1000,0,0,TTAGGG
unassigned-0000584_Start,1000,1,0,TTAGGG
unassigned-0000585_Start,1000,0,0,TTAGGG
unassigned-0000586_Start,1000,0,0,TTAGGG
unassigned-0000587_Start,1000,0,0,TTAGGG
unassigned-0000588_Start,1000,0,0,TTAGGG
unassigned-0000589_Start,1000,0,0,TTAGGG
unassigned-0000590_Start,1000,0,0,TTAGGG
unassigned-0000591_Start,1000,0,0,TTAGGG
unassigned-0000592_Start,1000,0,0,TTAGGG
unassigned-0000593_Start,1000,0,0,TTAGGG
unassigned-0000594_Start,1000,0,0,TTAGGG
unassigned-0000595_Start,1000,1,0,TTAGGG
unassigned-0000596_Start,1000,0,0,TTAGGG
unassigned-0000597_Start,1000,0,0,TTAGGG
unassigned-0000598_Start,1000,0,0,TTAGGG
unassigned-0000599_Start,1000,0,0,TTAGGG
unassigned-0000600_Start,1000,0,0,TTAGGG
unassigned-0000601_Start,1000,0,0,TTAGGG
unassigned-0000602_Start,1000,0,0,TTAGGG
unassigned-0000603_Start,1000,0,0,TTAGGG
unassigned-0000604_Start,1000,0,0,TTAGGG
unassigned-0000605_Start,1000,0,0,TTAGGG
unassigned-0000606_Start,1000,0,0,TTAGGG
unassigned-0000607_Start,1000,0,0,TTAGGG
unassigned-0000608_Start,1000,0,0,TTAGGG
unassigned-0000609_Start,1000,0,0,TTAGGG
unassigned-0000610_Start,1000,0,0,TTAGGG
unassigned-0000611_Start,1000,0,0,TTAGGG
unassigned-0000612_Start,1000,0,0,TTAGGG
unassigned-0000613_Start,1000,0,0,TTAGGG
unassigned-0000614_Start,1000,0,0,TTAGGG
unassigned-0000615_Start,1000,0,0,TTAGGG
unassigned-0000616_Start,1000,0,0,TTAGGG
unassigned-0000617_Start,1000,0,0,TTAGGG
unassigned-0000619_Start,1000,0,1,TTAGGG
unassigned-0000620_Start,1000,0,1,TTAGGG
unassigned-0000621_Start,1000,0,0,TTAGGG
unassigned-0000622_Start,1000,0,0,TTAGGG
unassigned-0000623_Start,1000,0,1,TTAGGG
unassigned-0000624_Start,1000,0,0,TTAGGG
unassigned-0000625_Start,1000,0,0,TTAGGG
unassigned-0000626_Start,1000,0,0,TTAGGG
unassigned-0000627_Start,1000,0,0,TTAGGG
unassigned-0000628_Start,1000,0,0,TTAGGG
unassigned-0000629_Start,1000,0,0,TTAGGG
unassigned-0000630_Start,1000,0,0,TTAGGG
unassigned-0000631_Start,1000,0,0,TTAGGG
unassigned-0000632_Start,1000,0,0,TTAGGG
unassigned-0000633_Start,1000,0,0,TTAGGG
unassigned-0000634_Start,1000,0,0,TTAGGG
unassigned-0000635_Start,1000,0,3,TTAGGG
unassigned-0000636_Start,1000,0,2,TTAGGG
unassigned-0000637_Start,1000,0,0,TTAGGG
unassigned-0000638_Start,1000,0,0,TTAGGG
unassigned-0000639_Start,1000,0,0,TTAGGG
unassigned-0000640_Start,1000,0,0,TTAGGG
unassigned-0000641_Start,1000,0,0,TTAGGG
unassigned-0000642_Start,1000,0,1,TTAGGG
unassigned-0000643_Start,1000,0,0,TTAGGG
unassigned-0000644_Start,1000,1,0,TTAGGG
unassigned-0000645_Start,1000,0,0,TTAGGG
unassigned-0000646_Start,1000,0,1,TTAGGG
unassigned-0000647_Start,1000,0,0,TTAGGG
unassigned-0000648_Start,1000,0,0,TTAGGG
unassigned-0000650_Start,1000,0,0,TTAGGG
unassigned-0000651_Start,1000,0,0,TTAGGG
unassigned-0000652_Start,1000,0,0,TTAGGG
unassigned-0000653_Start,1000,0,0,TTAGGG
unassigned-0000654_Start,1000,0,0,TTAGGG
unassigned-0000655_Start,1000,0,0,TTAGGG
unassigned-0000656_Start,1000,0,1,TTAGGG
unassigned-0000657_Start,1000,0,0,TTAGGG
unassigned-0000658_Start,1000,0,0,TTAGGG
unassigned-0000659_Start,1000,0,0,TTAGGG
unassigned-0000660_Start,1000,0,0,TTAGGG
unassigned-0000661_Start,1000,0,0,TTAGGG
unassigned-0000662_Start,1000,0,0,TTAGGG
unassigned-0000663_Start,1000,0,0,TTAGGG
unassigned-0000664_Start,1000,0,0,TTAGGG
unassigned-0000665_Start,1000,0,0,TTAGGG
unassigned-0000666_Start,1000,0,0,TTAGGG
unassigned-0000667_Start,1000,0,0,TTAGGG
unassigned-0000668_Start,1000,0,0,TTAGGG
unassigned-0000669_Start,1000,0,0,TTAGGG
unassigned-0000670_Start,1000,0,0,TTAGGG
unassigned-0000671_Start,1000,0,0,TTAGGG
unassigned-0000672_Start,1000,0,0,TTAGGG
unassigned-0000673_Start,1000,0,0,TTAGGG
unassigned-0000674_Start,1000,0,0,TTAGGG
unassigned-0000675_Start,1000,0,0,TTAGGG
unassigned-0000676_Start,1000,0,0,TTAGGG
unassigned-0000677_Start,1000,0,0,TTAGGG
unassigned-0000678_Start,1000,0,1,TTAGGG
unassigned-0000679_Start,1000,0,0,TTAGGG
unassigned-0000680_Start,1000,0,0,TTAGGG
unassigned-0000681_Start,1000,1,0,TTAGGG
unassigned-0000682_Start,1000,0,0,TTAGGG
unassigned-0000683_Start,1000,0,0,TTAGGG
unassigned-0000684_Start,1000,0,0,TTAGGG
unassigned-0000685_Start,1000,0,0,TTAGGG
unassigned-0000686_Start,1000,0,0,TTAGGG
unassigned-0000688_Start,1000,0,0,TTAGGG
unassigned-0000689_Start,1000,0,0,TTAGGG
unassigned-0000690_Start,1000,0,0,TTAGGG
unassigned-0000691_Start,1000,0,0,TTAGGG
unassigned-0000692_Start,1000,0,0,TTAGGG
unassigned-0000693_Start,1000,0,0,TTAGGG
unassigned-0000694_Start,1000,0,0,TTAGGG
unassigned-0000695_Start,1000,0,0,TTAGGG
unassigned-0000696_Start,1000,0,0,TTAGGG
unassigned-0000697_Start,1000,2,0,TTAGGG
unassigned-0000698_Start,1000,0,0,TTAGGG
unassigned-0000699_Start,1000,0,0,TTAGGG
unassigned-0000700_Start,1000,0,0,TTAGGG
unassigned-0000701_Start,1000,0,0,TTAGGG
unassigned-0000702_Start,1000,0,0,TTAGGG
unassigned-0000703_Start,1000,0,0,TTAGGG
unassigned-0000704_Start,1000,0,0,TTAGGG
unassigned-0000705_Start,1000,0,0,TTAGGG
unassigned-0000706_Start,1000,0,0,TTAGGG
unassigned-0000707_Start,1000,0,0,TTAGGG
unassigned-0000708_Start,1000,0,0,TTAGGG
unassigned-0000709_Start,1000,0,0,TTAGGG
unassigned-0000710_Start,1000,0,0,TTAGGG
unassigned-0000711_Start,1000,0,0,TTAGGG
unassigned-0000712_Start,1000,0,0,TTAGGG
unassigned-0000713_Start,1000,0,0,TTAGGG
unassigned-0000714_Start,1000,0,0,TTAGGG
unassigned-0000715_Start,1000,0,0,TTAGGG
unassigned-0000716_Start,1000,0,0,TTAGGG
unassigned-0000717_Start,1000,0,0,TTAGGG
unassigned-0000718_Start,1000,0,0,TTAGGG
unassigned-0000719_Start,1000,0,0,TTAGGG
unassigned-0000720_Start,1000,0,0,TTAGGG
unassigned-0000721_Start,1000,0,0,TTAGGG
unassigned-0000722_Start,1000,0,0,TTAGGG
unassigned-0000723_Start,1000,0,1,TTAGGG
unassigned-0000724_Start,1000,0,0,TTAGGG
unassigned-0000725_Start,1000,0,0,TTAGGG
unassigned-0000726_Start,1000,0,1,TTAGGG
unassigned-0000727_Start,1000,0,2,TTAGGG
unassigned-0000728_Start,1000,1,0,TTAGGG
unassigned-0000729_Start,1000,0,0,TTAGGG
unassigned-0000730_Start,1000,0,0,TTAGGG
unassigned-0000731_Start,1000,0,0,TTAGGG
unassigned-0000732_Start,1000,0,0,TTAGGG
unassigned-0000733_Start,1000,1,0,TTAGGG
unassigned-0000734_Start,1000,0,0,TTAGGG
unassigned-0000735_Start,1000,0,0,TTAGGG
unassigned-0000738_Start,1000,1,0,TTAGGG
unassigned-0000739_Start,1000,0,0,TTAGGG
unassigned-0000740_Start,1000,0,0,TTAGGG
unassigned-0000741_Start,1000,0,0,TTAGGG
unassigned-0000742_Start,1000,0,0,TTAGGG
unassigned-0000743_Start,1000,0,0,TTAGGG
unassigned-0000744_Start,1000,0,0,TTAGGG
unassigned-0000745_Start,1000,0,0,TTAGGG
unassigned-0000746_Start,1000,0,0,TTAGGG
unassigned-0000747_Start,1000,0,0,TTAGGG
unassigned-0000748_Start,1000,0,1,TTAGGG
unassigned-0000749_Start,1000,0,0,TTAGGG
unassigned-0000750_Start,1000,0,0,TTAGGG
unassigned-0000751_Start,1000,0,0,TTAGGG
unassigned-0000752_Start,1000,0,0,TTAGGG
unassigned-0000753_Start,1000,0,0,TTAGGG
unassigned-0000754_Start,1000,0,0,TTAGGG
unassigned-0000755_Start,1000,1,0,TTAGGG
unassigned-0000756_Start,1000,0,0,TTAGGG
unassigned-0000757_Start,1000,2,0,TTAGGG
unassigned-0000758_Start,1000,0,0,TTAGGG
unassigned-0000759_Start,1000,0,0,TTAGGG
unassigned-0000760_Start,1000,0,0,TTAGGG
unassigned-0000761_Start,1000,0,0,TTAGGG
unassigned-0000762_Start,1000,0,0,TTAGGG
unassigned-0000763_Start,1000,0,0,TTAGGG
unassigned-0000765_Start,1000,0,0,TTAGGG
unassigned-0000766_Start,1000,0,0,TTAGGG
unassigned-0000767_Start,1000,0,0,TTAGGG
unassigned-0000768_Start,1000,0,0,TTAGGG
unassigned-0000769_Start,1000,0,0,TTAGGG
unassigned-0000770_Start,1000,0,0,TTAGGG
unassigned-0000771_Start,1000,0,0,TTAGGG
unassigned-0000772_Start,1000,0,0,TTAGGG
unassigned-0000773_Start,1000,0,0,TTAGGG
unassigned-0000774_Start,1000,0,0,TTAGGG
unassigned-0000775_Start,1000,0,0,TTAGGG
unassigned-0000776_Start,1000,0,0,TTAGGG
unassigned-0000777_Start,1000,1,0,TTAGGG
unassigned-0000778_Start,1000,0,0,TTAGGG
unassigned-0000779_Start,1000,1,0,TTAGGG
unassigned-0000780_Start,1000,0,1,TTAGGG
unassigned-0000781_Start,1000,0,0,TTAGGG
unassigned-0000782_Start,1000,0,0,TTAGGG
unassigned-0000783_Start,1000,0,0,TTAGGG
unassigned-0000784_Start,1000,0,0,TTAGGG
unassigned-0000785_Start,1000,2,0,TTAGGG
unassigned-0000786_Start,1000,0,1,TTAGGG
unassigned-0000787_Start,1000,1,0,TTAGGG
unassigned-0000790_Start,1000,0,0,TTAGGG
unassigned-0000791_Start,1000,0,0,TTAGGG
unassigned-0000792_Start,1000,0,0,TTAGGG
unassigned-0000793_Start,1000,1,0,TTAGGG
unassigned-0000794_Start,1000,0,1,TTAGGG
unassigned-0000795_Start,1000,0,0,TTAGGG
unassigned-0000796_Start,1000,0,1,TTAGGG
unassigned-0000797_Start,1000,0,1,TTAGGG
unassigned-0000798_Start,1000,0,1,TTAGGG
unassigned-0000800_Start,1000,0,1,TTAGGG
unassigned-0000801_Start,1000,0,0,TTAGGG
unassigned-0000802_Start,1000,0,0,TTAGGG
unassigned-0000803_Start,1000,0,1,TTAGGG
unassigned-0000804_Start,1000,0,0,TTAGGG
unassigned-0000805_Start,1000,0,0,TTAGGG
unassigned-0000806_Start,1000,0,0,TTAGGG
unassigned-0000807_Start,1000,0,0,TTAGGG
unassigned-0000808_Start,1000,0,0,TTAGGG
unassigned-0000809_Start,1000,0,1,TTAGGG
unassigned-0000810_Start,1000,0,0,TTAGGG
unassigned-0000811_Start,1000,0,0,TTAGGG
unassigned-0000812_Start,1000,1,0,TTAGGG
unassigned-0000814_Start,1000,0,0,TTAGGG
unassigned-0000815_Start,1000,0,0,TTAGGG
unassigned-0000816_Start,1000,0,0,TTAGGG
unassigned-0000817_Start,1000,0,4,TTAGGG
unassigned-0000818_Start,1000,0,0,TTAGGG
unassigned-0000819_Start,1000,0,0,TTAGGG
unassigned-0000820_Start,1000,0,0,TTAGGG
unassigned-0000821_Start,1000,0,0,TTAGGG
unassigned-0000822_Start,1000,0,0,TTAGGG
unassigned-0000823_Start,1000,0,0,TTAGGG
unassigned-0000824_Start,1000,0,0,TTAGGG
unassigned-0000825_Start,1000,0,0,TTAGGG
unassigned-0000826_Start,1000,0,0,TTAGGG
unassigned-0000827_Start,1000,1,0,TTAGGG
unassigned-0000828_Start,1000,0,0,TTAGGG
unassigned-0000829_Start,1000,0,2,TTAGGG
unassigned-0000830_Start,1000,0,0,TTAGGG
unassigned-0000831_Start,1000,0,0,TTAGGG
unassigned-0000832_Start,1000,0,0,TTAGGG
unassigned-0000833_Start,1000,0,0,TTAGGG
unassigned-0000834_Start,1000,0,0,TTAGGG
unassigned-0000835_Start,1000,0,0,TTAGGG
unassigned-0000836_Start,1000,0,0,TTAGGG
unassigned-0000837_Start,1000,0,0,TTAGGG
unassigned-0000838_Start,1000,0,0,TTAGGG
unassigned-0000839_Start,1000,0,0,TTAGGG
unassigned-0000840_Start,1000,0,1,TTAGGG
unassigned-0000841_Start,1000,0,0,TTAGGG
unassigned-0000842_Start,1000,0,0,TTAGGG
unassigned-0000843_Start,1000,0,0,TTAGGG
unassigned-0000844_Start,1000,0,0,TTAGGG
unassigned-0000845_Start,1000,0,0,TTAGGG
unassigned-0000847_Start,1000,0,0,TTAGGG
unassigned-0000848_Start,1000,0,1,TTAGGG
unassigned-0000849_Start,1000,0,0,TTAGGG
unassigned-0000850_Start,1000,0,0,TTAGGG
unassigned-0000851_Start,1000,0,0,TTAGGG
unassigned-0000852_Start,1000,0,0,TTAGGG
unassigned-0000853_Start,1000,0,0,TTAGGG
unassigned-0000854_Start,1000,1,0,TTAGGG
unassigned-0000855_Start,1000,0,0,TTAGGG
unassigned-0000856_Start,1000,0,0,TTAGGG
unassigned-0000857_Start,1000,0,0,TTAGGG
unassigned-0000858_Start,1000,0,0,TTAGGG
unassigned-0000859_Start,1000,0,0,TTAGGG
unassigned-0000860_Start,1000,0,0,TTAGGG
unassigned-0000861_Start,1000,0,0,TTAGGG
unassigned-0000862_Start,1000,0,0,TTAGGG
unassigned-0000863_Start,1000,0,0,TTAGGG
unassigned-0000864_Start,1000,0,0,TTAGGG
unassigned-0000865_Start,1000,0,0,TTAGGG
unassigned-0000866_Start,1000,0,0,TTAGGG
unassigned-0000867_Start,1000,0,0,TTAGGG
unassigned-0000868_Start,1000,0,0,TTAGGG
unassigned-0000869_Start,1000,0,0,TTAGGG
unassigned-0000870_Start,1000,0,0,TTAGGG
unassigned-0000871_Start,1000,0,0,TTAGGG
unassigned-0000872_Start,1000,0,0,TTAGGG
unassigned-0000873_Start,1000,0,0,TTAGGG
unassigned-0000874_Start,1000,0,0,TTAGGG
unassigned-0000875_Start,1000,0,0,TTAGGG
unassigned-0000876_Start,1000,0,0,TTAGGG
unassigned-0000877_Start,1000,0,0,TTAGGG
unassigned-0000878_Start,1000,0,0,TTAGGG
unassigned-0000879_Start,1000,0,0,TTAGGG
unassigned-0000880_Start,1000,0,1,TTAGGG
unassigned-0000881_Start,1000,0,0,TTAGGG
unassigned-0000882_Start,1000,0,0,TTAGGG
unassigned-0000883_Start,1000,0,0,TTAGGG
unassigned-0000885_Start,1000,0,0,TTAGGG
unassigned-0000886_Start,1000,0,0,TTAGGG
unassigned-0000887_Start,1000,0,0,TTAGGG
unassigned-0000888_Start,1000,0,0,TTAGGG
unassigned-0000889_Start,1000,0,0,TTAGGG
unassigned-0000890_Start,1000,0,0,TTAGGG
unassigned-0000891_Start,1000,0,0,TTAGGG
unassigned-0000892_Start,1000,0,0,TTAGGG
unassigned-0000894_Start,1000,0,0,TTAGGG
unassigned-0000895_Start,1000,1,0,TTAGGG
unassigned-0000896_Start,1000,1,0,TTAGGG
unassigned-0000897_Start,1000,1,0,TTAGGG
unassigned-0000898_Start,1000,1,0,TTAGGG
unassigned-0000899_Start,1000,0,1,TTAGGG
unassigned-0000900_Start,1000,0,1,TTAGGG
unassigned-0000901_Start,1000,0,0,TTAGGG
unassigned-0000902_Start,1000,0,1,TTAGGG
unassigned-0000903_Start,1000,0,0,TTAGGG
unassigned-0000907_Start,1000,0,0,TTAGGG
unassigned-0000908_Start,1000,0,0,TTAGGG
unassigned-0000909_Start,1000,0,2,TTAGGG
unassigned-0000910_Start,1000,0,0,TTAGGG
unassigned-0000911_Start,1000,0,0,TTAGGG
unassigned-0000912_Start,1000,0,1,TTAGGG
unassigned-0000913_Start,1000,0,0,TTAGGG
unassigned-0000914_Start,1000,0,0,TTAGGG
unassigned-0000915_Start,1000,0,0,TTAGGG
unassigned-0000916_Start,1000,0,0,TTAGGG
unassigned-0000917_Start,1000,0,0,TTAGGG
unassigned-0000918_Start,1000,0,0,TTAGGG
unassigned-0000919_Start,1000,0,0,TTAGGG
unassigned-0000920_Start,1000,0,0,TTAGGG
unassigned-0000921_Start,1000,0,0,TTAGGG
unassigned-0000922_Start,1000,0,0,TTAGGG
unassigned-0000923_Start,1000,0,0,TTAGGG
unassigned-0000924_Start,1000,0,0,TTAGGG
unassigned-0000925_Start,1000,0,0,TTAGGG
unassigned-0000926_Start,1000,0,0,TTAGGG
unassigned-0000927_Start,1000,0,0,TTAGGG
unassigned-0000928_Start,1000,0,0,TTAGGG
unassigned-0000929_Start,1000,0,0,TTAGGG
unassigned-0000930_Start,1000,0,0,TTAGGG
unassigned-0000931_Start,1000,0,0,TTAGGG
unassigned-0000932_Start,1000,0,0,TTAGGG
unassigned-0000933_Start,1000,0,0,TTAGGG
unassigned-0000934_Start,1000,0,0,TTAGGG
unassigned-0000935_Start,1000,0,0,TTAGGG
unassigned-0000936_Start,1000,0,0,TTAGGG
unassigned-0000937_Start,1000,0,0,TTAGGG
unassigned-0000938_Start,1000,0,0,TTAGGG
unassigned-0000939_Start,1000,0,0,TTAGGG
unassigned-0000940_Start,1000,0,1,TTAGGG
unassigned-0000941_Start,1000,0,0,TTAGGG
unassigned-0000942_Start,1000,0,0,TTAGGG
unassigned-0000943_Start,1000,0,0,TTAGGG
unassigned-0000944_Start,1000,0,0,TTAGGG
unassigned-0000945_Start,1000,0,0,TTAGGG
unassigned-0000946_Start,1000,0,0,TTAGGG
unassigned-0000947_Start,1000,0,1,TTAGGG
unassigned-0000948_Start,1000,0,0,TTAGGG
unassigned-0000949_Start,1000,0,0,TTAGGG
unassigned-0000951_Start,1000,2,0,TTAGGG
unassigned-0000952_Start,1000,0,0,TTAGGG
unassigned-0000953_Start,1000,0,0,TTAGGG
unassigned-0000955_Start,1000,1,0,TTAGGG
unassigned-0000956_Start,1000,0,0,TTAGGG
unassigned-0000957_Start,1000,0,0,TTAGGG
unassigned-0000958_Start,1000,0,0,TTAGGG
unassigned-0000959_Start,1000,0,0,TTAGGG
unassigned-0000960_Start,1000,0,0,TTAGGG
unassigned-0000961_Start,1000,1,0,TTAGGG
unassigned-0000962_Start,1000,0,0,TTAGGG
unassigned-0000963_Start,1000,0,0,TTAGGG
unassigned-0000964_Start,1000,0,0,TTAGGG
unassigned-0000965_Start,1000,0,0,TTAGGG
unassigned-0000966_Start,1000,0,0,TTAGGG
unassigned-0000968_Start,1000,0,0,TTAGGG
unassigned-0000970_Start,1000,0,0,TTAGGG
unassigned-0000971_Start,1000,0,0,TTAGGG
unassigned-0000972_Start,1000,0,0,TTAGGG
unassigned-0000974_Start,1000,0,0,TTAGGG
unassigned-0000975_Start,1000,0,0,TTAGGG
unassigned-0000977_Start,1000,0,0,TTAGGG
unassigned-0000978_Start,1000,0,0,TTAGGG
unassigned-0000979_Start,1000,0,0,TTAGGG
unassigned-0000980_Start,1000,0,0,TTAGGG
unassigned-0000981_Start,1000,0,0,TTAGGG
unassigned-0000982_Start,1000,0,0,TTAGGG
unassigned-0000983_Start,1000,0,0,TTAGGG
unassigned-0000984_Start,1000,0,0,TTAGGG
unassigned-0000985_Start,1000,0,0,TTAGGG
unassigned-0000986_Start,1000,0,0,TTAGGG
unassigned-0000987_Start,1000,0,0,TTAGGG
unassigned-0000988_Start,1000,0,0,TTAGGG
unassigned-0000989_Start,1000,0,0,TTAGGG
unassigned-0000991_Start,1000,0,0,TTAGGG
unassigned-0000992_Start,1000,0,0,TTAGGG
unassigned-0000993_Start,1000,1,0,TTAGGG
unassigned-0000994_Start,1000,0,0,TTAGGG
unassigned-0000995_Start,1000,0,1,TTAGGG
unassigned-0000996_Start,1000,0,0,TTAGGG
unassigned-0000997_Start,1000,0,0,TTAGGG
unassigned-0000998_Start,1000,0,0,TTAGGG
unassigned-0000999_Start,1000,0,0,TTAGGG
unassigned-0001000_Start,1000,0,0,TTAGGG
unassigned-0001001_Start,1000,0,0,TTAGGG
unassigned-0001002_Start,1000,0,0,TTAGGG
unassigned-0001003_Start,1000,0,0,TTAGGG
unassigned-0001004_Start,1000,0,0,TTAGGG
unassigned-0001005_Start,1000,0,0,TTAGGG
unassigned-0001006_Start,1000,0,0,TTAGGG
unassigned-0001007_Start,1000,0,1,TTAGGG
unassigned-0001008_Start,1000,0,0,TTAGGG
unassigned-0001009_Start,1000,0,0,TTAGGG
unassigned-0001010_Start,1000,0,0,TTAGGG
unassigned-0001011_Start,1000,0,0,TTAGGG
unassigned-0001012_Start,1000,0,0,TTAGGG
unassigned-0001013_Start,1000,0,0,TTAGGG
unassigned-0001014_Start,1000,0,0,TTAGGG
unassigned-0001015_Start,1000,0,0,TTAGGG
unassigned-0001016_Start,1000,0,0,TTAGGG
unassigned-0001019_Start,1000,0,0,TTAGGG
unassigned-0001020_Start,1000,0,0,TTAGGG
unassigned-0001021_Start,1000,0,0,TTAGGG
unassigned-0001024_Start,1000,0,0,TTAGGG
unassigned-0001025_Start,1000,1,0,TTAGGG
unassigned-0001026_Start,1000,0,0,TTAGGG
unassigned-0001028_Start,1000,0,0,TTAGGG
unassigned-0001029_Start,1000,0,0,TTAGGG
unassigned-0001030_Start,1000,0,0,TTAGGG
unassigned-0001031_Start,1000,0,0,TTAGGG
unassigned-0001034_Start,1000,0,0,TTAGGG
unassigned-0001035_Start,1000,0,0,TTAGGG
unassigned-0001036_Start,1000,0,0,TTAGGG
unassigned-0001037_Start,1000,0,0,TTAGGG
unassigned-0001038_Start,1000,0,1,TTAGGG
unassigned-0001039_Start,1000,0,0,TTAGGG
unassigned-0001040_Start,1000,0,0,TTAGGG
unassigned-0001041_Start,1000,0,0,TTAGGG
unassigned-0001042_Start,1000,0,0,TTAGGG
unassigned-0001043_Start,1000,0,1,TTAGGG
unassigned-0001044_Start,1000,0,0,TTAGGG
unassigned-0001045_Start,1000,0,0,TTAGGG
unassigned-0001046_Start,1000,0,0,TTAGGG
unassigned-0001047_Start,1000,0,0,TTAGGG
unassigned-0001048_Start,1000,0,0,TTAGGG
unassigned-0001049_Start,1000,0,0,TTAGGG
unassigned-0001050_Start,1000,0,0,TTAGGG
unassigned-0001051_Start,1000,0,0,TTAGGG
unassigned-0001052_Start,1000,0,0,TTAGGG
unassigned-0001053_Start,1000,0,0,TTAGGG
unassigned-0001054_Start,1000,0,0,TTAGGG
unassigned-0001055_Start,1000,0,1,TTAGGG
unassigned-0001056_Start,1000,0,0,TTAGGG
unassigned-0001057_Start,1000,0,0,TTAGGG
unassigned-0001058_Start,1000,0,0,TTAGGG
unassigned-0001059_Start,1000,0,0,TTAGGG
unassigned-0001060_Start,1000,0,1,TTAGGG
unassigned-0001061_Start,1000,0,0,TTAGGG
unassigned-0001062_Start,1000,0,0,TTAGGG
unassigned-0001063_Start,1000,0,0,TTAGGG
unassigned-0001064_Start,1000,0,0,TTAGGG
unassigned-0001065_Start,1000,0,0,TTAGGG
unassigned-0001066_Start,1000,0,0,TTAGGG
unassigned-0001067_Start,1000,0,0,TTAGGG
unassigned-0001068_Start,1000,0,0,TTAGGG
unassigned-0001069_Start,1000,0,1,TTAGGG
unassigned-0001070_Start,1000,0,1,TTAGGG
unassigned-0001071_Start,1000,2,0,TTAGGG
unassigned-0001072_Start,1000,0,0,TTAGGG
unassigned-0001073_Start,1000,0,0,TTAGGG
unassigned-0001074_Start,1000,0,0,TTAGGG
unassigned-0001075_Start,1000,0,0,TTAGGG
unassigned-0001076_Start,1000,0,0,TTAGGG
unassigned-0001077_Start,1000,0,0,TTAGGG
unassigned-0001078_Start,1000,0,0,TTAGGG
unassigned-0001079_Start,1000,0,0,TTAGGG
unassigned-0001081_Start,1000,0,0,TTAGGG
unassigned-0001082_Start,1000,0,0,TTAGGG
unassigned-0001083_Start,1000,0,1,TTAGGG
unassigned-0001084_Start,1000,0,0,TTAGGG
unassigned-0001085_Start,1000,0,0,TTAGGG
unassigned-0001086_Start,1000,0,0,TTAGGG
unassigned-0001087_Start,1000,0,0,TTAGGG
unassigned-0001088_Start,1000,0,0,TTAGGG
unassigned-0001089_Start,1000,0,0,TTAGGG
unassigned-0001090_Start,1000,0,0,TTAGGG
unassigned-0001091_Start,1000,0,0,TTAGGG
unassigned-0001092_Start,1000,0,1,TTAGGG
unassigned-0001093_Start,1000,0,0,TTAGGG
unassigned-0001094_Start,1000,0,0,TTAGGG
unassigned-0001095_Start,1000,0,0,TTAGGG
unassigned-0001096_Start,1000,0,0,TTAGGG
unassigned-0001097_Start,1000,0,0,TTAGGG
unassigned-0001098_Start,1000,0,0,TTAGGG
unassigned-0001101_Start,1000,0,0,TTAGGG
unassigned-0001102_Start,1000,0,0,TTAGGG
unassigned-0001103_Start,1000,0,0,TTAGGG
unassigned-0001104_Start,1000,0,0,TTAGGG
unassigned-0001105_Start,1000,0,0,TTAGGG
unassigned-0001106_Start,1000,0,0,TTAGGG
unassigned-0001107_Start,1000,0,0,TTAGGG
unassigned-0001108_Start,1000,0,0,TTAGGG
unassigned-0001110_Start,1000,0,0,TTAGGG
unassigned-0001111_Start,1000,1,0,TTAGGG
unassigned-0001112_Start,1000,0,0,TTAGGG
unassigned-0001113_Start,1000,0,0,TTAGGG
unassigned-0001114_Start,1000,0,0,TTAGGG
unassigned-0001115_Start,1000,0,0,TTAGGG
unassigned-0001116_Start,1000,0,0,TTAGGG
unassigned-0001117_Start,1000,0,0,TTAGGG
unassigned-0001118_Start,1000,0,0,TTAGGG
unassigned-0001119_Start,1000,0,0,TTAGGG
unassigned-0001120_Start,1000,0,0,TTAGGG
unassigned-0001121_Start,1000,0,1,TTAGGG
unassigned-0001122_Start,1000,0,0,TTAGGG
unassigned-0001125_Start,1000,0,0,TTAGGG
unassigned-0001126_Start,1000,0,1,TTAGGG
unassigned-0001127_Start,1000,0,0,TTAGGG
unassigned-0001128_Start,1000,0,0,TTAGGG
unassigned-0001129_Start,1000,0,0,TTAGGG
unassigned-0001130_Start,1000,0,0,TTAGGG
unassigned-0001131_Start,1000,0,0,TTAGGG
unassigned-0001132_Start,1000,0,0,TTAGGG
unassigned-0001133_Start,1000,0,0,TTAGGG
unassigned-0001134_Start,1000,0,0,TTAGGG
unassigned-0001135_Start,1000,0,0,TTAGGG
unassigned-0001136_Start,1000,0,2,TTAGGG
unassigned-0001138_Start,1000,0,0,TTAGGG
unassigned-0001139_Start,1000,0,0,TTAGGG
unassigned-0001140_Start,1000,0,0,TTAGGG
unassigned-0001141_Start,1000,0,0,TTAGGG
unassigned-0001142_Start,1000,0,0,TTAGGG
unassigned-0001143_Start,1000,0,0,TTAGGG
unassigned-0001144_Start,1000,0,0,TTAGGG
unassigned-0001145_Start,1000,0,0,TTAGGG
unassigned-0001146_Start,1000,0,0,TTAGGG
unassigned-0001147_Start,1000,0,0,TTAGGG
unassigned-0001148_Start,1000,0,0,TTAGGG
unassigned-0001149_Start,1000,0,0,TTAGGG
unassigned-0001150_Start,1000,0,0,TTAGGG
unassigned-0001151_Start,1000,0,0,TTAGGG
unassigned-0001152_Start,1000,0,0,TTAGGG
unassigned-0001153_Start,1000,1,0,TTAGGG
unassigned-0001155_Start,1000,0,0,TTAGGG
unassigned-0001156_Start,1000,0,0,TTAGGG
unassigned-0001157_Start,1000,0,2,TTAGGG
unassigned-0001158_Start,1000,0,0,TTAGGG
unassigned-0001159_Start,1000,0,0,TTAGGG
unassigned-0001160_Start,1000,0,0,TTAGGG
unassigned-0001161_Start,1000,0,0,TTAGGG
unassigned-0001163_Start,1000,0,0,TTAGGG
unassigned-0001165_Start,1000,0,0,TTAGGG
unassigned-0001166_Start,1000,0,0,TTAGGG
unassigned-0001167_Start,1000,0,0,TTAGGG
unassigned-0001168_Start,1000,0,0,TTAGGG
unassigned-0001169_Start,1000,0,0,TTAGGG
unassigned-0001170_Start,1000,0,0,TTAGGG
unassigned-0001171_Start,1000,0,0,TTAGGG
unassigned-0001172_Start,1000,0,0,TTAGGG
unassigned-0001173_Start,1000,0,0,TTAGGG
unassigned-0001174_Start,1000,0,0,TTAGGG
unassigned-0001175_Start,1000,0,0,TTAGGG
unassigned-0001176_Start,1000,0,0,TTAGGG
unassigned-0001177_Start,1000,0,0,TTAGGG
unassigned-0001178_Start,1000,0,2,TTAGGG
unassigned-0001180_Start,1000,0,0,TTAGGG
unassigned-0001181_Start,1000,0,0,TTAGGG
unassigned-0001182_Start,1000,0,0,TTAGGG
unassigned-0001183_Start,1000,0,0,TTAGGG
unassigned-0001184_Start,1000,0,0,TTAGGG
unassigned-0001185_Start,1000,1,0,TTAGGG
unassigned-0001188_Start,1000,0,0,TTAGGG
unassigned-0001189_Start,1000,0,0,TTAGGG
unassigned-0001191_Start,1000,0,0,TTAGGG
unassigned-0001193_Start,1000,0,0,TTAGGG
unassigned-0001194_Start,1000,0,0,TTAGGG
unassigned-0001195_Start,1000,0,0,TTAGGG
unassigned-0001196_Start,1000,0,0,TTAGGG
unassigned-0001197_Start,1000,0,0,TTAGGG
unassigned-0001198_Start,1000,0,0,TTAGGG
unassigned-0001199_Start,1000,0,0,TTAGGG
unassigned-0001200_Start,1000,0,0,TTAGGG
unassigned-0001201_Start,1000,0,0,TTAGGG
unassigned-0001202_Start,1000,0,0,TTAGGG
unassigned-0001203_Start,1000,0,0,TTAGGG
unassigned-0001205_Start,1000,0,0,TTAGGG
unassigned-0001206_Start,1000,0,0,TTAGGG
unassigned-0001207_Start,1000,0,0,TTAGGG
unassigned-0001208_Start,1000,0,0,TTAGGG
unassigned-0001209_Start,1000,0,0,TTAGGG
unassigned-0001210_Start,1000,0,0,TTAGGG
unassigned-0001211_Start,1000,0,0,TTAGGG
unassigned-0001212_Start,1000,0,2,TTAGGG
unassigned-0001213_Start,1000,0,0,TTAGGG
unassigned-0001214_Start,1000,0,0,TTAGGG
unassigned-0001215_Start,1000,0,0,TTAGGG
unassigned-0001216_Start,1000,0,0,TTAGGG
unassigned-0001217_Start,1000,0,0,TTAGGG
unassigned-0001218_Start,1000,0,0,TTAGGG
unassigned-0001219_Start,1000,0,0,TTAGGG
unassigned-0001220_Start,1000,0,0,TTAGGG
unassigned-0001221_Start,1000,0,0,TTAGGG
unassigned-0001223_Start,1000,0,0,TTAGGG
unassigned-0001224_Start,1000,0,0,TTAGGG
unassigned-0001225_Start,1000,0,2,TTAGGG
unassigned-0001227_Start,1000,0,0,TTAGGG
unassigned-0001228_Start,1000,0,0,TTAGGG
unassigned-0001229_Start,1000,0,0,TTAGGG
unassigned-0001230_Start,1000,0,1,TTAGGG
unassigned-0001231_Start,1000,0,0,TTAGGG
unassigned-0001232_Start,1000,0,0,TTAGGG
unassigned-0001233_Start,1000,0,0,TTAGGG
unassigned-0001234_Start,1000,0,0,TTAGGG
unassigned-0001235_Start,1000,0,0,TTAGGG
unassigned-0001236_Start,1000,0,0,TTAGGG
unassigned-0001237_Start,1000,0,0,TTAGGG
unassigned-0001238_Start,1000,0,0,TTAGGG
unassigned-0001239_Start,1000,0,0,TTAGGG
unassigned-0001240_Start,1000,0,0,TTAGGG
unassigned-0001241_Start,1000,0,0,TTAGGG
unassigned-0001243_Start,1000,0,0,TTAGGG
unassigned-0001244_Start,1000,0,0,TTAGGG
unassigned-0001245_Start,1000,0,0,TTAGGG
unassigned-0001246_Start,1000,0,0,TTAGGG
unassigned-0001247_Start,1000,0,0,TTAGGG
unassigned-0001248_Start,1000,0,0,TTAGGG
unassigned-0001249_Start,1000,0,0,TTAGGG
unassigned-0001250_Start,1000,0,0,TTAGGG
unassigned-0001251_Start,1000,0,0,TTAGGG
unassigned-0001252_Start,1000,0,0,TTAGGG
haplotype1-0000001_End,1000,162,0,TTAGGG
haplotype1-0000002_End,1000,133,0,TTAGGG
haplotype1-0000003_End,1000,164,0,TTAGGG
haplotype1-0000004_End,1000,0,0,TTAGGG
haplotype1-0000005_End,1000,164,0,TTAGGG
haplotype1-0000006_End,1000,0,0,TTAGGG
haplotype1-0000007_End,1000,164,0,TTAGGG
haplotype1-0000008_End,1000,163,0,TTAGGG
haplotype1-0000009_End,1000,0,0,TTAGGG
haplotype1-0000010_End,1000,157,0,TTAGGG
haplotype1-0000011_End,1000,160,0,TTAGGG
haplotype1-0000012_End,1000,152,0,TTAGGG
haplotype1-0000013_End,1000,165,0,TTAGGG
haplotype1-0000014_End,1000,163,0,TTAGGG
haplotype1-0000015_End,1000,164,0,TTAGGG
haplotype1-0000016_End,1000,143,0,TTAGGG
haplotype1-0000017_End,1000,165,0,TTAGGG
haplotype1-0000018_End,1000,162,0,TTAGGG
haplotype1-0000019_End,1000,0,0,TTAGGG
haplotype1-0000020_End,1000,164,0,TTAGGG
haplotype1-0000021_End,1000,164,0,TTAGGG
haplotype1-0000022_End,1000,0,0,TTAGGG
haplotype1-0000023_End,1000,163,0,TTAGGG
haplotype1-0000024_End,1000,162,0,TTAGGG
haplotype1-0000025_End,1000,0,0,TTAGGG
haplotype1-0000026_End,1000,0,0,TTAGGG
haplotype1-0000027_End,1000,1,0,TTAGGG
haplotype1-0000028_End,1000,0,0,TTAGGG
haplotype1-0000029_End,1000,0,0,TTAGGG
haplotype1-0000030_End,1000,0,0,TTAGGG
haplotype1-0000031_End,1000,0,1,TTAGGG
haplotype1-0000032_End,1000,0,0,TTAGGG
haplotype1-0000033_End,1000,0,0,TTAGGG
haplotype1-0000034_End,1000,0,0,TTAGGG
haplotype1-0000035_End,1000,1,0,TTAGGG
haplotype1-0000036_End,1000,0,0,TTAGGG
haplotype1-0000037_End,1000,0,1,TTAGGG
haplotype1-0000038_End,1000,0,0,TTAGGG
haplotype1-0000039_End,1000,0,0,TTAGGG
haplotype1-0000040_End,1000,0,0,TTAGGG
haplotype1-0000041_End,1000,0,0,TTAGGG
haplotype1-0000042_End,1000,0,0,TTAGGG
haplotype1-0000043_End,1000,0,0,TTAGGG
haplotype1-0000044_End,1000,0,0,TTAGGG
haplotype1-0000045_End,1000,0,1,TTAGGG
haplotype1-0000046_End,1000,0,1,TTAGGG
haplotype1-0000047_End,1000,0,0,TTAGGG
haplotype1-0000048_End,1000,0,0,TTAGGG
haplotype1-0000049_End,1000,0,0,TTAGGG
haplotype1-0000050_End,1000,0,1,TTAGGG
haplotype1-0000051_End,1000,0,0,TTAGGG
haplotype1-0000052_End,1000,0,0,TTAGGG
haplotype1-0000053_End,1000,0,0,TTAGGG
haplotype1-0000054_End,1000,0,0,TTAGGG
haplotype1-0000055_End,1000,0,0,TTAGGG
haplotype1-0000056_End,1000,0,0,TTAGGG
haplotype1-0000057_End,1000,0,0,TTAGGG
haplotype1-0000058_End,1000,0,0,TTAGGG
haplotype1-0000059_End,1000,0,0,TTAGGG
haplotype1-0000060_End,1000,0,0,TTAGGG
haplotype1-0000061_End,1000,0,0,TTAGGG
haplotype1-0000062_End,1000,0,0,TTAGGG
haplotype1-0000063_End,1000,0,0,TTAGGG
haplotype1-0000064_End,1000,0,0,TTAGGG
haplotype1-0000065_End,1000,0,0,TTAGGG
haplotype1-0000066_End,1000,0,0,TTAGGG
haplotype1-0000067_End,1000,0,0,TTAGGG
haplotype1-0000068_End,1000,0,0,TTAGGG
haplotype1-0000069_End,1000,0,0,TTAGGG
haplotype1-0000070_End,1000,1,0,TTAGGG
haplotype1-0000071_End,1000,0,0,TTAGGG
haplotype1-0000072_End,1000,0,0,TTAGGG
haplotype1-0000073_End,1000,0,1,TTAGGG
haplotype1-0000074_End,1000,0,0,TTAGGG
haplotype1-0000075_End,1000,0,0,TTAGGG
haplotype1-0000076_End,1000,0,0,TTAGGG
haplotype1-0000077_End,1000,0,0,TTAGGG
haplotype1-0000078_End,1000,0,1,TTAGGG
haplotype1-0000079_End,1000,2,0,TTAGGG
haplotype1-0000080_End,1000,0,0,TTAGGG
haplotype1-0000081_End,1000,0,0,TTAGGG
haplotype1-0000082_End,1000,0,0,TTAGGG
haplotype1-0000083_End,1000,0,0,TTAGGG
haplotype1-0000084_End,1000,0,0,TTAGGG
haplotype1-0000085_End,1000,1,0,TTAGGG
haplotype1-0000086_End,1000,0,0,TTAGGG
haplotype1-0000087_End,1000,0,0,TTAGGG
haplotype1-0000088_End,1000,1,0,TTAGGG
haplotype1-0000089_End,1000,0,0,TTAGGG
haplotype1-0000090_End,1000,0,1,TTAGGG
haplotype1-0000091_End,1000,0,0,TTAGGG
haplotype1-0000092_End,1000,1,0,TTAGGG
haplotype1-0000093_End,1000,0,0,TTAGGG
haplotype1-0000094_End,1000,0,1,TTAGGG
haplotype1-0000095_End,1000,0,1,TTAGGG
haplotype1-0000096_End,1000,0,0,TTAGGG
haplotype1-0000097_End,1000,0,0,TTAGGG
haplotype1-0000098_End,1000,0,0,TTAGGG
haplotype1-0000099_End,1000,0,0,TTAGGG
haplotype1-0000100_End,1000,0,0,TTAGGG
haplotype1-0000101_End,1000,0,0,TTAGGG
haplotype1-0000102_End,1000,0,0,TTAGGG
haplotype1-0000103_End,1000,0,0,TTAGGG
haplotype1-0000104_End,1000,0,0,TTAGGG
haplotype1-0000105_End,1000,0,0,TTAGGG
haplotype1-0000106_End,1000,0,0,TTAGGG
haplotype1-0000107_End,1000,0,0,TTAGGG
haplotype1-0000108_End,1000,0,0,TTAGGG
haplotype1-0000109_End,1000,0,0,TTAGGG
haplotype1-0000110_End,1000,0,0,TTAGGG
haplotype1-0000111_End,1000,0,0,TTAGGG
haplotype1-0000112_End,1000,0,0,TTAGGG
haplotype1-0000113_End,1000,0,0,TTAGGG
haplotype1-0000114_End,1000,146,0,TTAGGG
haplotype1-0000115_End,1000,0,0,TTAGGG
haplotype1-0000116_End,1000,0,0,TTAGGG
haplotype1-0000117_End,1000,0,0,TTAGGG
haplotype1-0000118_End,1000,0,0,TTAGGG
haplotype1-0000119_End,1000,0,1,TTAGGG
haplotype1-0000120_End,1000,0,0,TTAGGG
haplotype1-0000121_End,1000,0,0,TTAGGG
haplotype1-0000122_End,1000,0,1,TTAGGG
haplotype1-0000123_End,1000,165,0,TTAGGG
haplotype1-0000124_End,1000,0,1,TTAGGG
haplotype1-0000125_End,1000,1,0,TTAGGG
haplotype1-0000126_End,1000,0,0,TTAGGG
haplotype1-0000127_End,1000,0,0,TTAGGG
haplotype1-0000128_End,1000,0,1,TTAGGG
haplotype1-0000129_End,1000,0,0,TTAGGG
haplotype1-0000130_End,1000,0,0,TTAGGG
haplotype1-0000131_End,1000,0,0,TTAGGG
haplotype1-0000132_End,1000,0,0,TTAGGG
haplotype1-0000133_End,1000,0,0,TTAGGG
haplotype1-0000134_End,1000,0,0,TTAGGG
haplotype1-0000135_End,1000,0,0,TTAGGG
haplotype1-0000136_End,1000,0,0,TTAGGG
haplotype1-0000137_End,1000,1,0,TTAGGG
haplotype1-0000138_End,1000,1,0,TTAGGG
haplotype2-0000139_End,1000,163,0,TTAGGG
haplotype2-0000140_End,1000,0,0,TTAGGG
haplotype2-0000141_End,1000,0,0,TTAGGG
haplotype2-0000142_End,1000,165,0,TTAGGG
haplotype2-0000143_End,1000,163,0,TTAGGG
haplotype2-0000144_End,1000,163,0,TTAGGG
haplotype2-0000145_End,1000,150,0,TTAGGG
haplotype2-0000146_End,1000,163,0,TTAGGG
haplotype2-0000147_End,1000,162,0,TTAGGG
haplotype2-0000148_End,1000,148,0,TTAGGG
haplotype2-0000149_End,1000,164,0,TTAGGG
haplotype2-0000150_End,1000,165,0,TTAGGG
haplotype2-0000151_End,1000,0,0,TTAGGG
haplotype2-0000152_End,1000,162,0,TTAGGG
haplotype2-0000153_End,1000,163,0,TTAGGG
haplotype2-0000154_End,1000,164,0,TTAGGG
haplotype2-0000155_End,1000,0,0,TTAGGG
haplotype2-0000156_End,1000,0,0,TTAGGG
haplotype2-0000157_End,1000,152,0,TTAGGG
haplotype2-0000158_End,1000,165,0,TTAGGG
haplotype2-0000159_End,1000,161,0,TTAGGG
haplotype2-0000160_End,1000,163,0,TTAGGG
haplotype2-0000161_End,1000,165,0,TTAGGG
haplotype2-0000162_End,1000,0,0,TTAGGG
haplotype2-0000163_End,1000,0,0,TTAGGG
haplotype2-0000164_End,1000,165,0,TTAGGG
haplotype2-0000165_End,1000,0,0,TTAGGG
haplotype2-0000166_End,1000,163,0,TTAGGG
haplotype2-0000167_End,1000,0,0,TTAGGG
haplotype2-0000168_End,1000,163,0,TTAGGG
haplotype2-0000169_End,1000,0,0,TTAGGG
haplotype2-0000170_End,1000,0,0,TTAGGG
haplotype2-0000171_End,1000,0,1,TTAGGG
haplotype2-0000172_End,1000,1,1,TTAGGG
haplotype2-0000173_End,1000,0,0,TTAGGG
haplotype2-0000174_End,1000,0,0,TTAGGG
haplotype2-0000175_End,1000,0,0,TTAGGG
haplotype2-0000176_End,1000,0,0,TTAGGG
haplotype2-0000177_End,1000,0,1,TTAGGG
haplotype2-0000178_End,1000,1,0,TTAGGG
haplotype2-0000179_End,1000,0,0,TTAGGG
haplotype2-0000180_End,1000,0,0,TTAGGG
haplotype2-0000181_End,1000,0,0,TTAGGG
haplotype2-0000182_End,1000,0,0,TTAGGG
haplotype2-0000183_End,1000,0,0,TTAGGG
haplotype2-0000184_End,1000,0,0,TTAGGG
haplotype2-0000185_End,1000,0,0,TTAGGG
haplotype2-0000186_End,1000,0,0,TTAGGG
haplotype2-0000187_End,1000,0,0,TTAGGG
haplotype2-0000188_End,1000,0,0,TTAGGG
haplotype2-0000189_End,1000,0,0,TTAGGG
haplotype2-0000190_End,1000,0,0,TTAGGG
haplotype2-0000191_End,1000,0,0,TTAGGG
haplotype2-0000192_End,1000,0,0,TTAGGG
haplotype2-0000193_End,1000,0,0,TTAGGG
haplotype2-0000194_End,1000,166,0,TTAGGG
haplotype2-0000195_End,1000,0,0,TTAGGG
haplotype2-0000196_End,1000,1,0,TTAGGG
haplotype2-0000197_End,1000,0,0,TTAGGG
haplotype2-0000198_End,1000,0,0,TTAGGG
haplotype2-0000199_End,1000,0,0,TTAGGG
haplotype2-0000200_End,1000,0,0,TTAGGG
haplotype2-0000201_End,1000,0,0,TTAGGG
haplotype2-0000202_End,1000,0,0,TTAGGG
haplotype2-0000203_End,1000,0,0,TTAGGG
haplotype2-0000204_End,1000,0,0,TTAGGG
haplotype2-0000205_End,1000,0,0,TTAGGG
haplotype2-0000206_End,1000,0,0,TTAGGG
haplotype2-0000207_End,1000,0,0,TTAGGG
haplotype2-0000208_End,1000,0,2,TTAGGG
haplotype2-0000209_End,1000,0,0,TTAGGG
haplotype2-0000210_End,1000,0,0,TTAGGG
haplotype2-0000211_End,1000,0,1,TTAGGG
haplotype2-0000212_End,1000,0,0,TTAGGG
haplotype2-0000213_End,1000,0,0,TTAGGG
haplotype2-0000214_End,1000,0,0,TTAGGG
haplotype2-0000215_End,1000,0,0,TTAGGG
haplotype2-0000216_End,1000,0,0,TTAGGG
haplotype2-0000217_End,1000,0,0,TTAGGG
haplotype2-0000218_End,1000,0,0,TTAGGG
haplotype2-0000219_End,1000,0,0,TTAGGG
haplotype2-0000220_End,1000,0,0,TTAGGG
haplotype2-0000221_End,1000,0,0,TTAGGG
haplotype2-0000222_End,1000,0,0,TTAGGG
haplotype2-0000223_End,1000,0,0,TTAGGG
haplotype2-0000224_End,1000,0,0,TTAGGG
haplotype2-0000225_End,1000,0,0,TTAGGG
haplotype2-0000226_End,1000,0,0,TTAGGG
haplotype2-0000227_End,1000,0,0,TTAGGG
haplotype2-0000228_End,1000,0,0,TTAGGG
haplotype2-0000229_End,1000,0,0,TTAGGG
haplotype2-0000230_End,1000,0,0,TTAGGG
haplotype2-0000231_End,1000,0,0,TTAGGG
haplotype2-0000232_End,1000,0,0,TTAGGG
haplotype2-0000233_End,1000,0,1,TTAGGG
haplotype2-0000234_End,1000,0,0,TTAGGG
haplotype2-0000235_End,1000,0,0,TTAGGG
haplotype2-0000236_End,1000,0,0,TTAGGG
haplotype2-0000237_End,1000,0,0,TTAGGG
haplotype2-0000238_End,1000,0,0,TTAGGG
haplotype2-0000239_End,1000,0,0,TTAGGG
haplotype2-0000240_End,1000,0,0,TTAGGG
haplotype2-0000241_End,1000,0,0,TTAGGG
haplotype2-0000242_End,1000,0,0,TTAGGG
haplotype2-0000243_End,1000,0,0,TTAGGG
haplotype2-0000244_End,1000,0,0,TTAGGG
haplotype2-0000245_End,1000,0,0,TTAGGG
haplotype2-0000246_End,1000,0,0,TTAGGG
haplotype2-0000247_End,1000,0,0,TTAGGG
haplotype2-0000248_End,1000,0,0,TTAGGG
haplotype2-0000249_End,1000,0,0,TTAGGG
haplotype2-0000250_End,1000,0,0,TTAGGG
haplotype2-0000251_End,1000,0,0,TTAGGG
haplotype2-0000252_End,1000,0,0,TTAGGG
unassigned-0000253_End,1000,0,0,TTAGGG
unassigned-0000254_End,1000,0,0,TTAGGG
unassigned-0000255_End,1000,0,0,TTAGGG
unassigned-0000256_End,1000,0,0,TTAGGG
unassigned-0000260_End,1000,0,0,TTAGGG
unassigned-0000262_End,1000,0,0,TTAGGG
unassigned-0000263_End,1000,0,0,TTAGGG
unassigned-0000265_End,1000,0,0,TTAGGG
unassigned-0000266_End,1000,0,0,TTAGGG
unassigned-0000267_End,1000,0,0,TTAGGG
unassigned-0000270_End,1000,0,1,TTAGGG
unassigned-0000272_End,1000,0,0,TTAGGG
unassigned-0000273_End,1000,0,0,TTAGGG
unassigned-0000274_End,1000,0,0,TTAGGG
unassigned-0000275_End,1000,0,0,TTAGGG
unassigned-0000276_End,1000,0,0,TTAGGG
unassigned-0000277_End,1000,0,0,TTAGGG
unassigned-0000279_End,1000,0,0,TTAGGG
unassigned-0000281_End,1000,0,0,TTAGGG
unassigned-0000282_End,1000,0,0,TTAGGG
unassigned-0000283_End,1000,1,0,TTAGGG
unassigned-0000285_End,1000,1,0,TTAGGG
unassigned-0000286_End,1000,0,0,TTAGGG
unassigned-0000287_End,1000,0,0,TTAGGG
unassigned-0000288_End,1000,0,0,TTAGGG
unassigned-0000290_End,1000,0,0,TTAGGG
unassigned-0000291_End,1000,0,0,TTAGGG
unassigned-0000292_End,1000,0,0,TTAGGG
unassigned-0000293_End,1000,0,0,TTAGGG
unassigned-0000294_End,1000,0,0,TTAGGG
unassigned-0000295_End,1000,0,0,TTAGGG
unassigned-0000296_End,1000,0,0,TTAGGG
unassigned-0000297_End,1000,0,0,TTAGGG
unassigned-0000299_End,1000,0,0,TTAGGG
unassigned-0000300_End,1000,0,0,TTAGGG
unassigned-0000301_End,1000,0,0,TTAGGG
unassigned-0000303_End,1000,0,0,TTAGGG
unassigned-0000304_End,1000,0,0,TTAGGG
unassigned-0000305_End,1000,0,0,TTAGGG
unassigned-0000307_End,1000,0,0,TTAGGG
unassigned-0000308_End,1000,0,0,TTAGGG
unassigned-0000309_End,1000,0,0,TTAGGG
unassigned-0000310_End,1000,0,0,TTAGGG
unassigned-0000312_End,1000,0,0,TTAGGG
unassigned-0000313_End,1000,0,0,TTAGGG
unassigned-0000314_End,1000,0,0,TTAGGG
unassigned-0000315_End,1000,0,2,TTAGGG
unassigned-0000316_End,1000,0,0,TTAGGG
unassigned-0000317_End,1000,0,0,TTAGGG
unassigned-0000318_End,1000,0,2,TTAGGG
unassigned-0000319_End,1000,0,0,TTAGGG
unassigned-0000320_End,1000,0,0,TTAGGG
unassigned-0000321_End,1000,1,0,TTAGGG
unassigned-0000322_End,1000,0,0,TTAGGG
unassigned-0000323_End,1000,0,0,TTAGGG
unassigned-0000324_End,1000,0,0,TTAGGG
unassigned-0000325_End,1000,0,0,TTAGGG
unassigned-0000326_End,1000,0,0,TTAGGG
unassigned-0000327_End,1000,0,0,TTAGGG
unassigned-0000328_End,1000,0,0,TTAGGG
unassigned-0000329_End,1000,0,0,TTAGGG
unassigned-0000330_End,1000,0,0,TTAGGG
unassigned-0000331_End,1000,0,0,TTAGGG
unassigned-0000332_End,1000,0,0,TTAGGG
unassigned-0000333_End,1000,0,0,TTAGGG
unassigned-0000334_End,1000,0,0,TTAGGG
unassigned-0000335_End,1000,0,0,TTAGGG
unassigned-0000336_End,1000,0,0,TTAGGG
unassigned-0000337_End,1000,0,0,TTAGGG
unassigned-0000338_End,1000,0,0,TTAGGG
unassigned-0000339_End,1000,0,0,TTAGGG
unassigned-0000340_End,1000,0,0,TTAGGG
unassigned-0000341_End,1000,0,0,TTAGGG
unassigned-0000343_End,1000,2,0,TTAGGG
unassigned-0000344_End,1000,0,0,TTAGGG
unassigned-0000345_End,1000,0,0,TTAGGG
unassigned-0000346_End,1000,0,2,TTAGGG
unassigned-0000347_End,1000,0,0,TTAGGG
unassigned-0000348_End,1000,0,0,TTAGGG
unassigned-0000349_End,1000,0,0,TTAGGG
unassigned-0000350_End,1000,0,0,TTAGGG
unassigned-0000351_End,1000,0,0,TTAGGG
unassigned-0000352_End,1000,0,0,TTAGGG
unassigned-0000355_End,1000,0,0,TTAGGG
unassigned-0000356_End,1000,0,0,TTAGGG
unassigned-0000357_End,1000,0,0,TTAGGG
unassigned-0000358_End,1000,0,0,TTAGGG
unassigned-0000359_End,1000,0,0,TTAGGG
unassigned-0000360_End,1000,0,0,TTAGGG
unassigned-0000362_End,1000,0,0,TTAGGG
unassigned-0000363_End,1000,0,0,TTAGGG
unassigned-0000364_End,1000,0,0,TTAGGG
unassigned-0000365_End,1000,0,0,TTAGGG
unassigned-0000366_End,1000,0,0,TTAGGG
unassigned-0000367_End,1000,0,0,TTAGGG
unassigned-0000368_End,1000,0,0,TTAGGG
unassigned-0000369_End,1000,0,0,TTAGGG
unassigned-0000370_End,1000,0,1,TTAGGG
unassigned-0000373_End,1000,0,0,TTAGGG
unassigned-0000378_End,1000,0,0,TTAGGG
unassigned-0000379_End,1000,2,0,TTAGGG
unassigned-0000380_End,1000,0,0,TTAGGG
unassigned-0000383_End,1000,0,0,TTAGGG
unassigned-0000384_End,1000,0,0,TTAGGG
unassigned-0000385_End,1000,0,0,TTAGGG
unassigned-0000386_End,1000,0,0,TTAGGG
unassigned-0000387_End,1000,0,0,TTAGGG
unassigned-0000388_End,1000,0,0,TTAGGG
unassigned-0000389_End,1000,0,0,TTAGGG
unassigned-0000390_End,1000,0,0,TTAGGG
unassigned-0000391_End,1000,0,0,TTAGGG
unassigned-0000392_End,1000,0,0,TTAGGG
unassigned-0000393_End,1000,0,0,TTAGGG
unassigned-0000394_End,1000,1,0,TTAGGG
unassigned-0000395_End,1000,0,0,TTAGGG
unassigned-0000396_End,1000,0,0,TTAGGG
unassigned-0000397_End,1000,0,0,TTAGGG
unassigned-0000398_End,1000,0,0,TTAGGG
unassigned-0000399_End,1000,0,0,TTAGGG
unassigned-0000400_End,1000,0,0,TTAGGG
unassigned-0000401_End,1000,0,0,TTAGGG
unassigned-0000402_End,1000,0,0,TTAGGG
unassigned-0000403_End,1000,0,0,TTAGGG
unassigned-0000404_End,1000,0,0,TTAGGG
unassigned-0000405_End,1000,0,0,TTAGGG
unassigned-0000406_End,1000,0,0,TTAGGG
unassigned-0000407_End,1000,0,0,TTAGGG
unassigned-0000408_End,1000,0,0,TTAGGG
unassigned-0000412_End,1000,0,0,TTAGGG
unassigned-0000413_End,1000,0,0,TTAGGG
unassigned-0000414_End,1000,0,0,TTAGGG
unassigned-0000415_End,1000,0,0,TTAGGG
unassigned-0000416_End,1000,0,0,TTAGGG
unassigned-0000418_End,1000,0,0,TTAGGG
unassigned-0000419_End,1000,0,0,TTAGGG
unassigned-0000421_End,1000,0,0,TTAGGG
unassigned-0000423_End,1000,0,0,TTAGGG
unassigned-0000424_End,1000,0,0,TTAGGG
unassigned-0000425_End,1000,0,0,TTAGGG
unassigned-0000426_End,1000,0,0,TTAGGG
unassigned-0000427_End,1000,0,0,TTAGGG
unassigned-0000428_End,1000,0,0,TTAGGG
unassigned-0000429_End,1000,0,0,TTAGGG
unassigned-0000430_End,1000,1,0,TTAGGG
unassigned-0000431_End,1000,0,0,TTAGGG
unassigned-0000432_End,1000,1,0,TTAGGG
unassigned-0000433_End,1000,0,0,TTAGGG
unassigned-0000434_End,1000,0,0,TTAGGG
unassigned-0000435_End,1000,0,0,TTAGGG
unassigned-0000436_End,1000,0,0,TTAGGG
unassigned-0000438_End,1000,0,0,TTAGGG
unassigned-0000439_End,1000,0,0,TTAGGG
unassigned-0000440_End,1000,0,0,TTAGGG
unassigned-0000441_End,1000,0,0,TTAGGG
unassigned-0000442_End,1000,0,0,TTAGGG
unassigned-0000443_End,1000,0,0,TTAGGG
unassigned-0000444_End,1000,0,0,TTAGGG
unassigned-0000445_End,1000,0,0,TTAGGG
unassigned-0000446_End,1000,0,0,TTAGGG
unassigned-0000447_End,1000,0,0,TTAGGG
unassigned-0000448_End,1000,0,0,TTAGGG
unassigned-0000449_End,1000,0,0,TTAGGG
unassigned-0000450_End,1000,0,0,TTAGGG
unassigned-0000451_End,1000,0,0,TTAGGG
unassigned-0000452_End,1000,0,0,TTAGGG
unassigned-0000453_End,1000,0,0,TTAGGG
unassigned-0000454_End,1000,0,0,TTAGGG
unassigned-0000455_End,1000,0,0,TTAGGG
unassigned-0000456_End,1000,0,0,TTAGGG
unassigned-0000457_End,1000,0,0,TTAGGG
unassigned-0000458_End,1000,0,0,TTAGGG
unassigned-0000459_End,1000,1,0,TTAGGG
unassigned-0000460_End,1000,0,2,TTAGGG
unassigned-0000461_End,1000,0,0,TTAGGG
unassigned-0000462_End,1000,1,0,TTAGGG
unassigned-0000463_End,1000,0,0,TTAGGG
unassigned-0000464_End,1000,0,0,TTAGGG
unassigned-0000466_End,1000,0,0,TTAGGG
unassigned-0000468_End,1000,0,0,TTAGGG
unassigned-0000469_End,1000,0,0,TTAGGG
unassigned-0000470_End,1000,0,0,TTAGGG
unassigned-0000471_End,1000,0,1,TTAGGG
unassigned-0000472_End,1000,0,0,TTAGGG
unassigned-0000473_End,1000,0,0,TTAGGG
unassigned-0000474_End,1000,0,0,TTAGGG
unassigned-0000475_End,1000,0,0,TTAGGG
unassigned-0000476_End,1000,0,0,TTAGGG
unassigned-0000477_End,1000,0,0,TTAGGG
unassigned-0000478_End,1000,0,0,TTAGGG
unassigned-0000479_End,1000,0,0,TTAGGG
unassigned-0000480_End,1000,0,0,TTAGGG
unassigned-0000481_End,1000,0,0,TTAGGG
unassigned-0000482_End,1000,0,0,TTAGGG
unassigned-0000483_End,1000,0,0,TTAGGG
unassigned-0000484_End,1000,0,2,TTAGGG
unassigned-0000485_End,1000,0,0,TTAGGG
unassigned-0000486_End,1000,0,0,TTAGGG
unassigned-0000487_End,1000,0,0,TTAGGG
unassigned-0000488_End,1000,0,0,TTAGGG
unassigned-0000489_End,1000,0,0,TTAGGG
unassigned-0000490_End,1000,0,0,TTAGGG
unassigned-0000491_End,1000,0,0,TTAGGG
unassigned-0000493_End,1000,0,0,TTAGGG
unassigned-0000494_End,1000,1,0,TTAGGG
unassigned-0000495_End,1000,0,0,TTAGGG
unassigned-0000496_End,1000,0,0,TTAGGG
unassigned-0000497_End,1000,0,0,TTAGGG
unassigned-0000498_End,1000,0,1,TTAGGG
unassigned-0000499_End,1000,0,0,TTAGGG
unassigned-0000501_End,1000,0,0,TTAGGG
unassigned-0000502_End,1000,0,0,TTAGGG
unassigned-0000503_End,1000,0,0,TTAGGG
unassigned-0000504_End,1000,0,0,TTAGGG
unassigned-0000505_End,1000,1,0,TTAGGG
unassigned-0000506_End,1000,0,0,TTAGGG
unassigned-0000507_End,1000,1,1,TTAGGG
unassigned-0000508_End,1000,0,0,TTAGGG
unassigned-0000509_End,1000,0,0,TTAGGG
unassigned-0000510_End,1000,0,0,TTAGGG
unassigned-0000513_End,1000,0,0,TTAGGG
unassigned-0000514_End,1000,0,0,TTAGGG
unassigned-0000515_End,1000,0,0,TTAGGG
unassigned-0000516_End,1000,0,0,TTAGGG
unassigned-0000517_End,1000,0,0,TTAGGG
unassigned-0000518_End,1000,0,0,TTAGGG
unassigned-0000519_End,1000,0,1,TTAGGG
unassigned-0000520_End,1000,0,0,TTAGGG
unassigned-0000522_End,1000,0,0,TTAGGG
unassigned-0000523_End,1000,0,0,TTAGGG
unassigned-0000524_End,1000,0,0,TTAGGG
unassigned-0000525_End,1000,0,0,TTAGGG
unassigned-0000526_End,1000,0,0,TTAGGG
unassigned-0000527_End,1000,0,0,TTAGGG
unassigned-0000528_End,1000,0,0,TTAGGG
unassigned-0000529_End,1000,0,0,TTAGGG
unassigned-0000530_End,1000,0,0,TTAGGG
unassigned-0000531_End,1000,0,2,TTAGGG
unassigned-0000532_End,1000,0,0,TTAGGG
unassigned-0000533_End,1000,0,0,TTAGGG
unassigned-0000534_End,1000,0,0,TTAGGG
unassigned-0000535_End,1000,0,0,TTAGGG
unassigned-0000536_End,1000,0,0,TTAGGG
unassigned-0000537_End,1000,1,0,TTAGGG
unassigned-0000538_End,1000,2,0,TTAGGG
unassigned-0000539_End,1000,0,0,TTAGGG
unassigned-0000540_End,1000,0,0,TTAGGG
unassigned-0000541_End,1000,0,0,TTAGGG
unassigned-0000542_End,1000,0,0,TTAGGG
unassigned-0000543_End,1000,0,0,TTAGGG
unassigned-0000544_End,1000,0,0,TTAGGG
unassigned-0000545_End,1000,0,0,TTAGGG
unassigned-0000546_End,1000,0,0,TTAGGG
unassigned-0000547_End,1000,1,0,TTAGGG
unassigned-0000548_End,1000,0,1,TTAGGG
unassigned-0000549_End,1000,0,0,TTAGGG
unassigned-0000550_End,1000,0,0,TTAGGG
unassigned-0000551_End,1000,0,0,TTAGGG
unassigned-0000553_End,1000,0,0,TTAGGG
unassigned-0000554_End,1000,0,0,TTAGGG
unassigned-0000555_End,1000,0,0,TTAGGG
unassigned-0000556_End,1000,0,0,TTAGGG
unassigned-0000557_End,1000,0,0,TTAGGG
unassigned-0000558_End,1000,0,0,TTAGGG
unassigned-0000559_End,1000,0,0,TTAGGG
unassigned-0000560_End,1000,0,0,TTAGGG
unassigned-0000561_End,1000,0,0,TTAGGG
unassigned-0000562_End,1000,0,0,TTAGGG
unassigned-0000563_End,1000,0,0,TTAGGG
unassigned-0000564_End,1000,0,0,TTAGGG
unassigned-0000566_End,1000,0,1,TTAGGG
unassigned-0000567_End,1000,0,0,TTAGGG
unassigned-0000568_End,1000,0,0,TTAGGG
unassigned-0000569_End,1000,0,0,TTAGGG
unassigned-0000570_End,1000,0,0,TTAGGG
unassigned-0000571_End,1000,0,0,TTAGGG
unassigned-0000572_End,1000,0,0,TTAGGG
unassigned-0000573_End,1000,0,0,TTAGGG
unassigned-0000574_End,1000,0,0,TTAGGG
unassigned-0000575_End,1000,0,0,TTAGGG
unassigned-0000576_End,1000,0,0,TTAGGG
unassigned-0000577_End,1000,0,0,TTAGGG
unassigned-0000578_End,1000,0,0,TTAGGG
unassigned-0000579_End,1000,0,0,TTAGGG
unassigned-0000580_End,1000,0,0,TTAGGG
unassigned-0000581_End,1000,0,0,TTAGGG
unassigned-0000582_End,1000,0,0,TTAGGG
unassigned-0000583_End,1000,0,0,TTAGGG
unassigned-0000584_End,1000,1,1,TTAGGG
unassigned-0000585_End,1000,0,0,TTAGGG
unassigned-0000586_End,1000,0,0,TTAGGG
unassigned-0000587_End,1000,2,0,TTAGGG
unassigned-0000588_End,1000,0,0,TTAGGG
unassigned-0000589_End,1000,0,0,TTAGGG
unassigned-0000590_End,1000,0,0,TTAGGG
unassigned-0000591_End,1000,1,0,TTAGGG
unassigned-0000592_End,1000,0,0,TTAGGG
unassigned-0000593_End,1000,0,0,TTAGGG
unassigned-0000594_End,1000,0,1,TTAGGG
unassigned-0000595_End,1000,0,0,TTAGGG
unassigned-0000596_End,1000,0,1,TTAGGG
unassigned-0000597_End,1000,0,0,TTAGGG
unassigned-0000598_End,1000,0,0,TTAGGG
unassigned-0000599_End,1000,0,0,TTAGGG
unassigned-0000600_End,1000,0,0,TTAGGG
unassigned-0000601_End,1000,0,0,TTAGGG
unassigned-0000602_End,1000,0,0,TTAGGG
unassigned-0000603_End,1000,0,0,TTAGGG
unassigned-0000604_End,1000,0,0,TTAGGG
unassigned-0000605_End,1000,0,0,TTAGGG
unassigned-0000606_End,1000,0,0,TTAGGG
unassigned-0000607_End,1000,0,0,TTAGGG
unassigned-0000608_End,1000,0,0,TTAGGG
unassigned-0000609_End,1000,1,0,TTAGGG
unassigned-0000610_End,1000,0,0,TTAGGG
unassigned-0000611_End,1000,0,0,TTAGGG
unassigned-0000612_End,1000,0,0,TTAGGG
unassigned-0000613_End,1000,0,0,TTAGGG
unassigned-0000614_End,1000,0,0,TTAGGG
unassigned-0000615_End,1000,0,0,TTAGGG
unassigned-0000616_End,1000,0,0,TTAGGG
unassigned-0000617_End,1000,0,0,TTAGGG
unassigned-0000619_End,1000,0,0,TTAGGG
unassigned-0000620_End,1000,0,0,TTAGGG
unassigned-0000621_End,1000,0,0,TTAGGG
unassigned-0000622_End,1000,1,0,TTAGGG
unassigned-0000623_End,1000,0,0,TTAGGG
unassigned-0000624_End,1000,0,0,TTAGGG
unassigned-0000625_End,1000,0,0,TTAGGG
unassigned-0000626_End,1000,0,0,TTAGGG
unassigned-0000627_End,1000,1,0,TTAGGG
unassigned-0000628_End,1000,0,0,TTAGGG
unassigned-0000629_End,1000,0,1,TTAGGG
unassigned-0000630_End,1000,0,0,TTAGGG
unassigned-0000631_End,1000,0,0,TTAGGG
unassigned-0000632_End,1000,0,0,TTAGGG
unassigned-0000633_End,1000,0,0,TTAGGG
unassigned-0000634_End,1000,0,0,TTAGGG
unassigned-0000635_End,1000,0,0,TTAGGG
unassigned-0000636_End,1000,0,0,TTAGGG
unassigned-0000637_End,1000,0,0,TTAGGG
unassigned-0000638_End,1000,0,0,TTAGGG
unassigned-0000639_End,1000,0,0,TTAGGG
unassigned-0000640_End,1000,0,0,TTAGGG
unassigned-0000641_End,1000,0,0,TTAGGG
unassigned-0000642_End,1000,0,1,TTAGGG
unassigned-0000643_End,1000,0,0,TTAGGG
unassigned-0000644_End,1000,0,0,TTAGGG
unassigned-0000645_End,1000,0,0,TTAGGG
unassigned-0000646_End,1000,0,0,TTAGGG
unassigned-0000647_End,1000,0,1,TTAGGG
unassigned-0000648_End,1000,0,0,TTAGGG
unassigned-0000650_End,1000,0,0,TTAGGG
unassigned-0000651_End,1000,0,0,TTAGGG
unassigned-0000652_End,1000,1,0,TTAGGG
unassigned-0000653_End,1000,0,0,TTAGGG
unassigned-0000654_End,1000,1,0,TTAGGG
unassigned-0000655_End,1000,0,0,TTAGGG
unassigned-0000656_End,1000,0,0,TTAGGG
unassigned-0000657_End,1000,0,0,TTAGGG
unassigned-0000658_End,1000,0,1,TTAGGG
unassigned-0000659_End,1000,0,0,TTAGGG
unassigned-0000660_End,1000,0,0,TTAGGG
unassigned-0000661_End,1000,2,0,TTAGGG
unassigned-0000662_End,1000,0,0,TTAGGG
unassigned-0000663_End,1000,0,0,TTAGGG
unassigned-0000664_End,1000,0,0,TTAGGG
unassigned-0000665_End,1000,0,0,TTAGGG
unassigned-0000666_End,1000,0,0,TTAGGG
unassigned-0000667_End,1000,0,0,TTAGGG
unassigned-0000668_End,1000,0,0,TTAGGG
unassigned-0000669_End,1000,0,0,TTAGGG
unassigned-0000670_End,1000,0,0,TTAGGG
unassigned-0000671_End,1000,0,0,TTAGGG
unassigned-0000672_End,1000,1,0,TTAGGG
unassigned-0000673_End,1000,0,0,TTAGGG
unassigned-0000674_End,1000,0,0,TTAGGG
unassigned-0000675_End,1000,0,0,TTAGGG
unassigned-0000676_End,1000,0,0,TTAGGG
unassigned-0000677_End,1000,0,0,TTAGGG
unassigned-0000678_End,1000,0,0,TTAGGG
unassigned-0000679_End,1000,0,0,TTAGGG
unassigned-0000680_End,1000,0,0,TTAGGG
unassigned-0000681_End,1000,0,1,TTAGGG
unassigned-0000682_End,1000,0,0,TTAGGG
unassigned-0000683_End,1000,0,0,TTAGGG
unassigned-0000684_End,1000,0,0,TTAGGG
unassigned-0000685_End,1000,0,1,TTAGGG
unassigned-0000686_End,1000,0,0,TTAGGG
unassigned-0000688_End,1000,0,0,TTAGGG
unassigned-0000689_End,1000,0,0,TTAGGG
unassigned-0000690_End,1000,1,0,TTAGGG
unassigned-0000691_End,1000,0,0,TTAGGG
unassigned-0000692_End,1000,0,0,TTAGGG
unassigned-0000693_End,1000,0,0,TTAGGG
unassigned-0000694_End,1000,0,0,TTAGGG
unassigned-0000695_End,1000,0,0,TTAGGG
unassigned-0000696_End,1000,0,0,TTAGGG
unassigned-0000697_End,1000,0,0,TTAGGG
unassigned-0000698_End,1000,0,0,TTAGGG
unassigned-0000699_End,1000,0,0,TTAGGG
unassigned-0000700_End,1000,0,0,TTAGGG
unassigned-0000701_End,1000,0,0,TTAGGG
unassigned-0000702_End,1000,0,0,TTAGGG
unassigned-0000703_End,1000,0,0,TTAGGG
unassigned-0000704_End,1000,0,0,TTAGGG
unassigned-0000705_End,1000,0,0,TTAGGG
unassigned-0000706_End,1000,0,0,TTAGGG
unassigned-0000707_End,1000,0,0,TTAGGG
unassigned-0000708_End,1000,0,0,TTAGGG
unassigned-0000709_End,1000,0,0,TTAGGG
unassigned-0000710_End,1000,0,0,TTAGGG
unassigned-0000711_End,1000,0,0,TTAGGG
unassigned-0000712_End,1000,0,0,TTAGGG
unassigned-0000713_End,1000,0,0,TTAGGG
unassigned-0000714_End,1000,0,0,TTAGGG
unassigned-0000715_End,1000,0,0,TTAGGG
unassigned-0000716_End,1000,0,0,TTAGGG
unassigned-0000717_End,1000,0,0,TTAGGG
unassigned-0000718_End,1000,0,0,TTAGGG
unassigned-0000719_End,1000,0,0,TTAGGG
unassigned-0000720_End,1000,0,0,TTAGGG
unassigned-0000721_End,1000,0,0,TTAGGG
unassigned-0000722_End,1000,0,0,TTAGGG
unassigned-0000723_End,1000,0,0,TTAGGG
unassigned-0000724_End,1000,0,1,TTAGGG
unassigned-0000725_End,1000,1,0,TTAGGG
unassigned-0000726_End,1000,0,0,TTAGGG
unassigned-0000727_End,1000,0,0,TTAGGG
unassigned-0000728_End,1000,0,0,TTAGGG
unassigned-0000729_End,1000,0,0,TTAGGG
unassigned-0000730_End,1000,0,0,TTAGGG
unassigned-0000731_End,1000,0,0,TTAGGG
unassigned-0000732_End,1000,1,1,TTAGGG
unassigned-0000733_End,1000,0,0,TTAGGG
unassigned-0000734_End,1000,1,0,TTAGGG
unassigned-0000735_End,1000,0,2,TTAGGG
unassigned-0000738_End,1000,0,1,TTAGGG
unassigned-0000739_End,1000,0,0,TTAGGG
unassigned-0000740_End,1000,0,0,TTAGGG
unassigned-0000741_End,1000,0,0,TTAGGG
unassigned-0000742_End,1000,0,0,TTAGGG
unassigned-0000743_End,1000,0,0,TTAGGG
unassigned-0000744_End,1000,0,0,TTAGGG
unassigned-0000745_End,1000,0,0,TTAGGG
unassigned-0000746_End,1000,0,0,TTAGGG
unassigned-0000747_End,1000,1,0,TTAGGG
unassigned-0000748_End,1000,0,0,TTAGGG
unassigned-0000749_End,1000,0,0,TTAGGG
unassigned-0000750_End,1000,0,0,TTAGGG
unassigned-0000751_End,1000,0,0,TTAGGG
unassigned-0000752_End,1000,0,0,TTAGGG
unassigned-0000753_End,1000,0,0,TTAGGG
unassigned-0000754_End,1000,0,0,TTAGGG
unassigned-0000755_End,1000,0,0,TTAGGG
unassigned-0000756_End,1000,0,0,TTAGGG
unassigned-0000757_End,1000,0,0,TTAGGG
unassigned-0000758_End,1000,0,0,TTAGGG
unassigned-0000759_End,1000,0,0,TTAGGG
unassigned-0000760_End,1000,0,0,TTAGGG
unassigned-0000761_End,1000,0,0,TTAGGG
unassigned-0000762_End,1000,0,0,TTAGGG
unassigned-0000763_End,1000,0,0,TTAGGG
unassigned-0000765_End,1000,151,0,TTAGGG
unassigned-0000766_End,1000,0,0,TTAGGG
unassigned-0000767_End,1000,0,0,TTAGGG
unassigned-0000768_End,1000,0,0,TTAGGG
unassigned-0000769_End,1000,0,0,TTAGGG
unassigned-0000770_End,1000,0,0,TTAGGG
unassigned-0000771_End,1000,0,0,TTAGGG
unassigned-0000772_End,1000,2,0,TTAGGG
unassigned-0000773_End,1000,0,0,TTAGGG
unassigned-0000774_End,1000,0,0,TTAGGG
unassigned-0000775_End,1000,0,0,TTAGGG
unassigned-0000776_End,1000,0,0,TTAGGG
unassigned-0000777_End,1000,0,0,TTAGGG
unassigned-0000778_End,1000,0,0,TTAGGG
unassigned-0000779_End,1000,0,1,TTAGGG
unassigned-0000780_End,1000,0,0,TTAGGG
unassigned-0000781_End,1000,0,0,TTAGGG
unassigned-0000782_End,1000,0,0,TTAGGG
unassigned-0000783_End,1000,0,0,TTAGGG
unassigned-0000784_End,1000,0,0,TTAGGG
unassigned-0000785_End,1000,0,0,TTAGGG
unassigned-0000786_End,1000,0,0,TTAGGG
unassigned-0000787_End,1000,0,0,TTAGGG
unassigned-0000790_End,1000,0,0,TTAGGG
unassigned-0000791_End,1000,0,0,TTAGGG
unassigned-0000792_End,1000,0,0,TTAGGG
unassigned-0000793_End,1000,0,0,TTAGGG
unassigned-0000794_End,1000,0,0,TTAGGG
unassigned-0000795_End,1000,0,0,TTAGGG
unassigned-0000796_End,1000,0,0,TTAGGG
unassigned-0000797_End,1000,1,0,TTAGGG
unassigned-0000798_End,1000,0,3,TTAGGG
unassigned-0000800_End,1000,0,0,TTAGGG
unassigned-0000801_End,1000,0,1,TTAGGG
unassigned-0000802_End,1000,0,0,TTAGGG
unassigned-0000803_End,1000,0,1,TTAGGG
unassigned-0000804_End,1000,0,0,TTAGGG
unassigned-0000805_End,1000,0,0,TTAGGG
unassigned-0000806_End,1000,0,0,TTAGGG
unassigned-0000807_End,1000,0,0,TTAGGG
unassigned-0000808_End,1000,0,0,TTAGGG
unassigned-0000809_End,1000,0,0,TTAGGG
unassigned-0000810_End,1000,0,0,TTAGGG
unassigned-0000811_End,1000,0,1,TTAGGG
unassigned-0000812_End,1000,0,0,TTAGGG
unassigned-0000814_End,1000,0,1,TTAGGG
unassigned-0000815_End,1000,0,0,TTAGGG
unassigned-0000816_End,1000,0,0,TTAGGG
unassigned-0000817_End,1000,0,0,TTAGGG
unassigned-0000818_End,1000,0,0,TTAGGG
unassigned-0000819_End,1000,0,0,TTAGGG
unassigned-0000820_End,1000,0,0,TTAGGG
unassigned-0000821_End,1000,0,0,TTAGGG
unassigned-0000822_End,1000,0,0,TTAGGG
unassigned-0000823_End,1000,0,0,TTAGGG
unassigned-0000824_End,1000,0,0,TTAGGG
unassigned-0000825_End,1000,1,2,TTAGGG
unassigned-0000826_End,1000,0,0,TTAGGG
unassigned-0000827_End,1000,0,0,TTAGGG
unassigned-0000828_End,1000,0,0,TTAGGG
unassigned-0000829_End,1000,0,0,TTAGGG
unassigned-0000830_End,1000,0,1,TTAGGG
unassigned-0000831_End,1000,0,0,TTAGGG
unassigned-0000832_End,1000,0,0,TTAGGG
unassigned-0000833_End,1000,0,0,TTAGGG
unassigned-0000834_End,1000,0,0,TTAGGG
unassigned-0000835_End,1000,0,0,TTAGGG
unassigned-0000836_End,1000,0,0,TTAGGG
unassigned-0000837_End,1000,0,0,TTAGGG
unassigned-0000838_End,1000,0,0,TTAGGG
unassigned-0000839_End,1000,0,0,TTAGGG
unassigned-0000840_End,1000,0,0,TTAGGG
unassigned-0000841_End,1000,0,0,TTAGGG
unassigned-0000842_End,1000,0,0,TTAGGG
unassigned-0000843_End,1000,0,0,TTAGGG
unassigned-0000844_End,1000,0,0,TTAGGG
unassigned-0000845_End,1000,0,0,TTAGGG
unassigned-0000847_End,1000,0,0,TTAGGG
unassigned-0000848_End,1000,0,0,TTAGGG
unassigned-0000849_End,1000,0,0,TTAGGG
unassigned-0000850_End,1000,1,0,TTAGGG
unassigned-0000851_End,1000,0,0,TTAGGG
unassigned-0000852_End,1000,0,0,TTAGGG
unassigned-0000853_End,1000,165,0,TTAGGG
unassigned-0000854_End,1000,0,0,TTAGGG
unassigned-0000855_End,1000,0,0,TTAGGG
unassigned-0000856_End,1000,0,0,TTAGGG
unassigned-0000857_End,1000,0,0,TTAGGG
unassigned-0000858_End,1000,0,0,TTAGGG
unassigned-0000859_End,1000,0,0,TTAGGG
unassigned-0000860_End,1000,0,0,TTAGGG
unassigned-0000861_End,1000,0,0,TTAGGG
unassigned-0000862_End,1000,0,0,TTAGGG
unassigned-0000863_End,1000,0,0,TTAGGG
unassigned-0000864_End,1000,0,0,TTAGGG
unassigned-0000865_End,1000,0,0,TTAGGG
unassigned-0000866_End,1000,0,0,TTAGGG
unassigned-0000867_End,1000,0,1,TTAGGG
unassigned-0000868_End,1000,0,0,TTAGGG
unassigned-0000869_End,1000,0,0,TTAGGG
unassigned-0000870_End,1000,0,0,TTAGGG
unassigned-0000871_End,1000,0,0,TTAGGG
unassigned-0000872_End,1000,0,0,TTAGGG
unassigned-0000873_End,1000,0,0,TTAGGG
unassigned-0000874_End,1000,0,0,TTAGGG
unassigned-0000875_End,1000,0,0,TTAGGG
unassigned-0000876_End,1000,1,0,TTAGGG
unassigned-0000877_End,1000,0,0,TTAGGG
unassigned-0000878_End,1000,0,0,TTAGGG
unassigned-0000879_End,1000,0,0,TTAGGG
unassigned-0000880_End,1000,0,0,TTAGGG
unassigned-0000881_End,1000,0,0,TTAGGG
unassigned-0000882_End,1000,0,0,TTAGGG
unassigned-0000883_End,1000,0,0,TTAGGG
unassigned-0000885_End,1000,0,0,TTAGGG
unassigned-0000886_End,1000,0,0,TTAGGG
unassigned-0000887_End,1000,0,0,TTAGGG
unassigned-0000888_End,1000,0,0,TTAGGG
unassigned-0000889_End,1000,0,0,TTAGGG
unassigned-0000890_End,1000,0,0,TTAGGG
unassigned-0000891_End,1000,0,0,TTAGGG
unassigned-0000892_End,1000,0,0,TTAGGG
unassigned-0000894_End,1000,0,0,TTAGGG
unassigned-0000895_End,1000,0,0,TTAGGG
unassigned-0000896_End,1000,1,0,TTAGGG
unassigned-0000897_End,1000,0,1,TTAGGG
unassigned-0000898_End,1000,0,2,TTAGGG
unassigned-0000899_End,1000,1,1,TTAGGG
unassigned-0000900_End,1000,0,0,TTAGGG
unassigned-0000901_End,1000,0,0,TTAGGG
unassigned-0000902_End,1000,0,0,TTAGGG
unassigned-0000903_End,1000,0,0,TTAGGG
unassigned-0000907_End,1000,0,0,TTAGGG
unassigned-0000908_End,1000,0,0,TTAGGG
unassigned-0000909_End,1000,0,0,TTAGGG
unassigned-0000910_End,1000,0,0,TTAGGG
unassigned-0000911_End,1000,0,0,TTAGGG
unassigned-0000912_End,1000,0,0,TTAGGG
unassigned-0000913_End,1000,0,0,TTAGGG
unassigned-0000914_End,1000,0,0,TTAGGG
unassigned-0000915_End,1000,0,0,TTAGGG
unassigned-0000916_End,1000,0,0,TTAGGG
unassigned-0000917_End,1000,0,0,TTAGGG
unassigned-0000918_End,1000,0,0,TTAGGG
unassigned-0000919_End,1000,0,0,TTAGGG
unassigned-0000920_End,1000,0,0,TTAGGG
unassigned-0000921_End,1000,0,0,TTAGGG
unassigned-0000922_End,1000,0,0,TTAGGG
unassigned-0000923_End,1000,0,0,TTAGGG
unassigned-0000924_End,1000,0,0,TTAGGG
unassigned-0000925_End,1000,0,0,TTAGGG
unassigned-0000926_End,1000,0,0,TTAGGG
unassigned-0000927_End,1000,0,0,TTAGGG
unassigned-0000928_End,1000,0,0,TTAGGG
unassigned-0000929_End,1000,0,0,TTAGGG
unassigned-0000930_End,1000,0,0,TTAGGG
unassigned-0000931_End,1000,0,0,TTAGGG
unassigned-0000932_End,1000,0,0,TTAGGG
unassigned-0000933_End,1000,0,0,TTAGGG
unassigned-0000934_End,1000,0,0,TTAGGG
unassigned-0000935_End,1000,2,0,TTAGGG
unassigned-0000936_End,1000,0,0,TTAGGG
unassigned-0000937_End,1000,2,0,TTAGGG
unassigned-0000938_End,1000,0,0,TTAGGG
unassigned-0000939_End,1000,0,0,TTAGGG
unassigned-0000940_End,1000,0,0,TTAGGG
unassigned-0000941_End,1000,0,0,TTAGGG
unassigned-0000942_End,1000,0,0,TTAGGG
unassigned-0000943_End,1000,0,0,TTAGGG
unassigned-0000944_End,1000,0,0,TTAGGG
unassigned-0000945_End,1000,0,0,TTAGGG
unassigned-0000946_End,1000,0,0,TTAGGG
unassigned-0000947_End,1000,0,0,TTAGGG
unassigned-0000948_End,1000,0,0,TTAGGG
unassigned-0000949_End,1000,0,0,TTAGGG
unassigned-0000951_End,1000,0,0,TTAGGG
unassigned-0000952_End,1000,0,0,TTAGGG
unassigned-0000953_End,1000,0,0,TTAGGG
unassigned-0000955_End,1000,1,0,TTAGGG
unassigned-0000956_End,1000,0,0,TTAGGG
unassigned-0000957_End,1000,0,0,TTAGGG
unassigned-0000958_End,1000,0,0,TTAGGG
unassigned-0000959_End,1000,0,0,TTAGGG
unassigned-0000960_End,1000,0,0,TTAGGG
unassigned-0000961_End,1000,0,0,TTAGGG
unassigned-0000962_End,1000,0,0,TTAGGG
unassigned-0000963_End,1000,0,0,TTAGGG
unassigned-0000964_End,1000,0,0,TTAGGG
unassigned-0000965_End,1000,0,0,TTAGGG
unassigned-0000966_End,1000,0,0,TTAGGG
unassigned-0000968_End,1000,0,0,TTAGGG
unassigned-0000970_End,1000,0,0,TTAGGG
unassigned-0000971_End,1000,0,1,TTAGGG
unassigned-0000972_End,1000,0,0,TTAGGG
unassigned-0000974_End,1000,0,0,TTAGGG
unassigned-0000975_End,1000,0,0,TTAGGG
unassigned-0000977_End,1000,0,0,TTAGGG
unassigned-0000978_End,1000,0,0,TTAGGG
unassigned-0000979_End,1000,1,0,TTAGGG
unassigned-0000980_End,1000,0,0,TTAGGG
unassigned-0000981_End,1000,0,0,TTAGGG
unassigned-0000982_End,1000,0,0,TTAGGG
unassigned-0000983_End,1000,0,0,TTAGGG
unassigned-0000984_End,1000,0,0,TTAGGG
unassigned-0000985_End,1000,0,1,TTAGGG
unassigned-0000986_End,1000,0,0,TTAGGG
unassigned-0000987_End,1000,0,0,TTAGGG
unassigned-0000988_End,1000,0,0,TTAGGG
unassigned-0000989_End,1000,0,0,TTAGGG
unassigned-0000991_End,1000,0,0,TTAGGG
unassigned-0000992_End,1000,0,0,TTAGGG
unassigned-0000993_End,1000,0,0,TTAGGG
unassigned-0000994_End,1000,1,0,TTAGGG
unassigned-0000995_End,1000,0,0,TTAGGG
unassigned-0000996_End,1000,0,0,TTAGGG
unassigned-0000997_End,1000,0,0,TTAGGG
unassigned-0000998_End,1000,0,0,TTAGGG
unassigned-0000999_End,1000,0,0,TTAGGG
unassigned-0001000_End,1000,0,1,TTAGGG
unassigned-0001001_End,1000,0,0,TTAGGG
unassigned-0001002_End,1000,0,0,TTAGGG
unassigned-0001003_End,1000,0,0,TTAGGG
unassigned-0001004_End,1000,0,0,TTAGGG
unassigned-0001005_End,1000,0,0,TTAGGG
unassigned-0001006_End,1000,0,0,TTAGGG
unassigned-0001007_End,1000,0,0,TTAGGG
unassigned-0001008_End,1000,0,0,TTAGGG
unassigned-0001009_End,1000,0,0,TTAGGG
unassigned-0001010_End,1000,0,0,TTAGGG
unassigned-0001011_End,1000,0,0,TTAGGG
unassigned-0001012_End,1000,0,0,TTAGGG
unassigned-0001013_End,1000,0,0,TTAGGG
unassigned-0001014_End,1000,0,0,TTAGGG
unassigned-0001015_End,1000,0,0,TTAGGG
unassigned-0001016_End,1000,0,0,TTAGGG
unassigned-0001019_End,1000,0,0,TTAGGG
unassigned-0001020_End,1000,0,0,TTAGGG
unassigned-0001021_End,1000,0,0,TTAGGG
unassigned-0001024_End,1000,0,2,TTAGGG
unassigned-0001025_End,1000,0,0,TTAGGG
unassigned-0001026_End,1000,0,0,TTAGGG
unassigned-0001028_End,1000,0,0,TTAGGG
unassigned-0001029_End,1000,0,0,TTAGGG
unassigned-0001030_End,1000,0,0,TTAGGG
unassigned-0001031_End,1000,0,1,TTAGGG
unassigned-0001034_End,1000,0,0,TTAGGG
unassigned-0001035_End,1000,0,0,TTAGGG
unassigned-0001036_End,1000,0,0,TTAGGG
unassigned-0001037_End,1000,0,0,TTAGGG
unassigned-0001038_End,1000,0,0,TTAGGG
unassigned-0001039_End,1000,0,0,TTAGGG
unassigned-0001040_End,1000,0,0,TTAGGG
unassigned-0001041_End,1000,0,0,TTAGGG
unassigned-0001042_End,1000,0,0,TTAGGG
unassigned-0001043_End,1000,0,0,TTAGGG
unassigned-0001044_End,1000,0,0,TTAGGG
unassigned-0001045_End,1000,0,0,TTAGGG
unassigned-0001046_End,1000,0,1,TTAGGG
unassigned-0001047_End,1000,0,0,TTAGGG
unassigned-0001048_End,1000,0,0,TTAGGG
unassigned-0001049_End,1000,0,0,TTAGGG
unassigned-0001050_End,1000,0,0,TTAGGG
unassigned-0001051_End,1000,0,0,TTAGGG
unassigned-0001052_End,1000,0,0,TTAGGG
unassigned-0001053_End,1000,0,0,TTAGGG
unassigned-0001054_End,1000,0,0,TTAGGG
unassigned-0001055_End,1000,0,0,TTAGGG
unassigned-0001056_End,1000,0,0,TTAGGG
unassigned-0001057_End,1000,0,1,TTAGGG
unassigned-0001058_End,1000,1,0,TTAGGG
unassigned-0001059_End,1000,0,0,TTAGGG
unassigned-0001060_End,1000,0,0,TTAGGG
unassigned-0001061_End,1000,0,0,TTAGGG
unassigned-0001062_End,1000,0,0,TTAGGG
unassigned-0001063_End,1000,0,0,TTAGGG
unassigned-0001064_End,1000,0,0,TTAGGG
unassigned-0001065_End,1000,0,0,TTAGGG
unassigned-0001066_End,1000,0,0,TTAGGG
unassigned-0001067_End,1000,0,0,TTAGGG
unassigned-0001068_End,1000,0,1,TTAGGG
unassigned-0001069_End,1000,0,0,TTAGGG
unassigned-0001070_End,1000,0,0,TTAGGG
unassigned-0001071_End,1000,0,0,TTAGGG
unassigned-0001072_End,1000,0,0,TTAGGG
unassigned-0001073_End,1000,0,0,TTAGGG
unassigned-0001074_End,1000,0,0,TTAGGG
unassigned-0001075_End,1000,0,0,TTAGGG
unassigned-0001076_End,1000,0,0,TTAGGG
unassigned-0001077_End,1000,0,0,TTAGGG
unassigned-0001078_End,1000,0,0,TTAGGG
unassigned-0001079_End,1000,0,0,TTAGGG
unassigned-0001081_End,1000,0,0,TTAGGG
unassigned-0001082_End,1000,0,0,TTAGGG
unassigned-0001083_End,1000,1,0,TTAGGG
unassigned-0001084_End,1000,1,0,TTAGGG
unassigned-0001085_End,1000,0,0,TTAGGG
unassigned-0001086_End,1000,2,0,TTAGGG
unassigned-0001087_End,1000,0,0,TTAGGG
unassigned-0001088_End,1000,0,0,TTAGGG
unassigned-0001089_End,1000,0,0,TTAGGG
unassigned-0001090_End,1000,0,0,TTAGGG
unassigned-0001091_End,1000,0,1,TTAGGG
unassigned-0001092_End,1000,0,0,TTAGGG
unassigned-0001093_End,1000,0,0,TTAGGG
unassigned-0001094_End,1000,0,0,TTAGGG
unassigned-0001095_End,1000,0,0,TTAGGG
unassigned-0001096_End,1000,0,1,TTAGGG
unassigned-0001097_End,1000,0,0,TTAGGG
unassigned-0001098_End,1000,0,0,TTAGGG
unassigned-0001101_End,1000,0,0,TTAGGG
unassigned-0001102_End,1000,0,0,TTAGGG
unassigned-0001103_End,1000,0,0,TTAGGG
unassigned-0001104_End,1000,0,0,TTAGGG
unassigned-0001105_End,1000,0,0,TTAGGG
unassigned-0001106_End,1000,0,0,TTAGGG
unassigned-0001107_End,1000,0,2,TTAGGG
unassigned-0001108_End,1000,0,0,TTAGGG
unassigned-0001110_End,1000,0,0,TTAGGG
unassigned-0001111_End,1000,0,0,TTAGGG
unassigned-0001112_End,1000,0,0,TTAGGG
unassigned-0001113_End,1000,0,0,TTAGGG
unassigned-0001114_End,1000,0,0,TTAGGG
unassigned-0001115_End,1000,0,0,TTAGGG
unassigned-0001116_End,1000,0,0,TTAGGG
unassigned-0001117_End,1000,0,0,TTAGGG
unassigned-0001118_End,1000,0,0,TTAGGG
unassigned-0001119_End,1000,0,0,TTAGGG
unassigned-0001120_End,1000,0,0,TTAGGG
unassigned-0001121_End,1000,0,1,TTAGGG
unassigned-0001125_End,1000,0,0,TTAGGG
unassigned-0001126_End,1000,0,0,TTAGGG
unassigned-0001127_End,1000,0,0,TTAGGG
unassigned-0001128_End,1000,0,0,TTAGGG
unassigned-0001129_End,1000,0,0,TTAGGG
unassigned-0001130_End,1000,0,0,TTAGGG
unassigned-0001131_End,1000,0,0,TTAGGG
unassigned-0001132_End,1000,0,0,TTAGGG
unassigned-0001133_End,1000,2,0,TTAGGG
unassigned-0001134_End,1000,0,0,TTAGGG
unassigned-0001135_End,1000,0,0,TTAGGG
unassigned-0001136_End,1000,0,0,TTAGGG
unassigned-0001138_End,1000,0,0,TTAGGG
unassigned-0001139_End,1000,0,0,TTAGGG
unassigned-0001140_End,1000,0,0,TTAGGG
unassigned-0001141_End,1000,0,0,TTAGGG
unassigned-0001142_End,1000,0,0,TTAGGG
unassigned-0001143_End,1000,0,0,TTAGGG
unassigned-0001144_End,1000,0,0,TTAGGG
unassigned-0001145_End,1000,0,0,TTAGGG
unassigned-0001146_End,1000,0,0,TTAGGG
unassigned-0001147_End,1000,0,0,TTAGGG
unassigned-0001148_End,1000,0,0,TTAGGG
unassigned-0001149_End,1000,0,0,TTAGGG
unassigned-0001150_End,1000,0,0,TTAGGG
unassigned-0001151_End,1000,0,0,TTAGGG
unassigned-0001152_End,1000,0,0,TTAGGG
unassigned-0001153_End,1000,0,0,TTAGGG
unassigned-0001155_End,1000,0,0,TTAGGG
unassigned-0001156_End,1000,0,0,TTAGGG
unassigned-0001157_End,1000,0,0,TTAGGG
unassigned-0001158_End,1000,1,0,TTAGGG
unassigned-0001159_End,1000,0,0,TTAGGG
unassigned-0001160_End,1000,0,0,TTAGGG
unassigned-0001161_End,1000,0,0,TTAGGG
unassigned-0001163_End,1000,0,0,TTAGGG
unassigned-0001165_End,1000,0,0,TTAGGG
unassigned-0001166_End,1000,0,0,TTAGGG
unassigned-0001167_End,1000,0,0,TTAGGG
unassigned-0001168_End,1000,0,0,TTAGGG
unassigned-0001169_End,1000,0,0,TTAGGG
unassigned-0001170_End,1000,0,0,TTAGGG
unassigned-0001171_End,1000,0,0,TTAGGG
unassigned-0001172_End,1000,0,0,TTAGGG
unassigned-0001173_End,1000,0,0,TTAGGG
unassigned-0001174_End,1000,0,0,TTAGGG
unassigned-0001175_End,1000,0,0,TTAGGG
unassigned-0001176_End,1000,0,0,TTAGGG
unassigned-0001177_End,1000,0,0,TTAGGG
unassigned-0001178_End,1000,0,0,TTAGGG
unassigned-0001180_End,1000,0,0,TTAGGG
unassigned-0001181_End,1000,0,0,TTAGGG
unassigned-0001182_End,1000,1,0,TTAGGG
unassigned-0001183_End,1000,0,0,TTAGGG
unassigned-0001184_End,1000,0,0,TTAGGG
unassigned-0001185_End,1000,0,0,TTAGGG
unassigned-0001188_End,1000,0,0,TTAGGG
unassigned-0001189_End,1000,0,0,TTAGGG
unassigned-0001191_End,1000,0,0,TTAGGG
unassigned-0001193_End,1000,0,0,TTAGGG
unassigned-0001194_End,1000,0,0,TTAGGG
unassigned-0001195_End,1000,0,0,TTAGGG
unassigned-0001196_End,1000,0,0,TTAGGG
unassigned-0001197_End,1000,0,0,TTAGGG
unassigned-0001198_End,1000,0,0,TTAGGG
unassigned-0001199_End,1000,0,0,TTAGGG
unassigned-0001200_End,1000,0,0,TTAGGG
unassigned-0001201_End,1000,0,0,TTAGGG
unassigned-0001202_End,1000,0,0,TTAGGG
unassigned-0001203_End,1000,0,0,TTAGGG
unassigned-0001205_End,1000,0,0,TTAGGG
unassigned-0001206_End,1000,0,1,TTAGGG
unassigned-0001207_End,1000,0,0,TTAGGG
unassigned-0001208_End,1000,0,0,TTAGGG
unassigned-0001209_End,1000,0,0,TTAGGG
unassigned-0001210_End,1000,0,0,TTAGGG
unassigned-0001211_End,1000,0,0,TTAGGG
unassigned-0001212_End,1000,0,0,TTAGGG
unassigned-0001213_End,1000,0,0,TTAGGG
unassigned-0001214_End,1000,0,0,TTAGGG
unassigned-0001215_End,1000,0,0,TTAGGG
unassigned-0001216_End,1000,0,0,TTAGGG
unassigned-0001217_End,1000,0,0,TTAGGG
unassigned-0001218_End,1000,0,0,TTAGGG
unassigned-0001219_End,1000,0,0,TTAGGG
unassigned-0001220_End,1000,0,0,TTAGGG
unassigned-0001221_End,1000,0,0,TTAGGG
unassigned-0001223_End,1000,0,0,TTAGGG
unassigned-0001224_End,1000,0,0,TTAGGG
unassigned-0001225_End,1000,0,0,TTAGGG
unassigned-0001227_End,1000,0,0,TTAGGG
unassigned-0001228_End,1000,0,0,TTAGGG
unassigned-0001229_End,1000,0,0,TTAGGG
unassigned-0001230_End,1000,0,0,TTAGGG
unassigned-0001231_End,1000,2,0,TTAGGG
unassigned-0001232_End,1000,0,0,TTAGGG
unassigned-0001233_End,1000,0,0,TTAGGG
unassigned-0001234_End,1000,0,0,TTAGGG
unassigned-0001235_End,1000,0,0,TTAGGG
unassigned-0001236_End,1000,0,0,TTAGGG
unassigned-0001237_End,1000,0,0,TTAGGG
unassigned-0001238_End,1000,0,0,TTAGGG
unassigned-0001239_End,1000,0,0,TTAGGG
unassigned-0001240_End,1000,0,0,TTAGGG
unassigned-0001241_End,1000,0,0,TTAGGG
unassigned-0001243_End,1000,0,0,TTAGGG
unassigned-0001244_End,1000,0,0,TTAGGG
unassigned-0001245_End,1000,0,0,TTAGGG
unassigned-0001246_End,1000,0,0,TTAGGG
unassigned-0001247_End,1000,0,0,TTAGGG
unassigned-0001248_End,1000,1,0,TTAGGG
unassigned-0001249_End,1000,0,0,TTAGGG
unassigned-0001250_End,1000,0,0,TTAGGG
unassigned-0001251_End,1000,0,0,TTAGGG
unassigned-0001252_End,1000,0,0,TTAGGG
